0 0.17450980392156862 0.35564853556485354 0.08235294117647059 0.2426778242677824
2 0.44019607843137254 0.4958158995815899 0.6686274509803921 0.22594142259414224
2 0.4117647058823529 0.30962343096234307 0.6627450980392157 0.1924686192468619
2 0.14607843137254903 0.18305439330543932 0.2803921568627451 0.26569037656903766
2 0.7313725490196078 0.31066945606694557 0.13333333333333333 0.2238493723849372
2 0.8647058823529412 0.29707112970711297 0.13333333333333333 0.22175732217573219
2 0.45098039215686275 0.11820083682008367 0.29411764705882354 0.21548117154811713
2 0.7127450980392157 0.20711297071129706 0.1392156862745098 0.2133891213389121
2 0.8264705882352941 0.09832635983263598 0.13137254901960785 0.19665271966527195
2 0.6931372549019608 0.10774058577405857 0.14313725490196078 0.20711297071129706
2 0.8450980392156863 0.1914225941422594 0.13725490196078433 0.21129707112970708
7 0.634313725490196 0.8232217573221756 0.16666666666666666 0.11087866108786609
7 0.9774509803921568 0.7228033472803347 0.03725490196078431 0.2531380753138075
2 0.48137254901960785 0.2405857740585774 0.10392156862745097 0.12970711297071127
