2 0.1904527559055118 0.2020123839009288 0.058070866141732284 0.20897832817337464
2 0.890255905511811 0.5061919504643964 0.1171259842519685 0.40247678018575855
2 0.1466535433070866 0.23839009287925697 0.05905511811023622 0.17647058823529413
2 0.375 0.9272445820433437 0.027559055118110236 0.061919504643962855
2 0.3395669291338583 0.8777089783281734 0.025590551181102362 0.06811145510835914
2 0.1156496062992126 0.24303405572755418 0.058070866141732284 0.11145510835913314
2 0.4168307086614173 0.8808049535603716 0.04232283464566929 0.04643962848297214
2 0.25541338582677164 0.8947368421052632 0.04429133858267716 0.04024767801857585
2 0.23622047244094488 0.20510835913312694 0.09055118110236221 0.07894736842105264
5 0.8986220472440944 0.5905572755417957 0.15748031496062992 0.31114551083591335
