2 0.6493212669683258 0.7749110320284697 0.11538461538461539 0.10498220640569395
2 0.5605203619909502 0.6930604982206405 0.07579185520361992 0.13701067615658363
2 0.6934389140271494 0.6147686832740213 0.08597285067873305 0.31494661921708184
2 0.6199095022624435 0.6797153024911031 0.06334841628959277 0.21352313167259784
2 0.6244343891402715 0.6717081850533807 0.0904977375565611 0.1298932384341637
2 0.5865384615384616 0.5729537366548042 0.10520361990950228 0.24199288256227758
6 0.41798642533936653 0.4403914590747331 0.14140271493212672 0.21530249110320285
4 0.7347285067873304 0.41459074733096085 0.14366515837104074 0.24199288256227758
7 0.22002262443438916 0.4795373665480427 0.05090497737556562 0.16192170818505336
7 0.7884615384615385 0.7722419928825622 0.0497737556561086 0.199288256227758
7 0.6645927601809956 0.2411032028469751 0.03959276018099548 0.08362989323843416
