0 0.10998937300743888 0.3416473317865429 0.05419766206163655 0.1705336426914153
0 0.17428267800212538 0.10672853828306264 0.09351753453772582 0.0951276102088167
3 0.7412327311370882 0.834106728538283 0.13071200850159403 0.25986078886310904
3 0.8230605738575982 0.802784222737819 0.11370882040382571 0.26450116009280744
2 0.36609989373007434 0.30742459396751737 0.128586609989373 0.35034802784222735
2 0.3841657810839532 0.228538283062645 0.12646121147715195 0.33874709976798145
2 0.1296493092454835 0.330046403712297 0.11477151965993623 0.3631090487238979
2 0.2529224229543039 0.3213457076566125 0.12539851222104142 0.3642691415313225
2 0.6211477151965993 0.2459396751740139 0.14771519659936236 0.12296983758700696
6 0.5069075451647184 0.9593967517401392 0.2763018065887354 0.07888631090487239
2 0.14187035069075452 0.2691415313225058 0.13496280552603612 0.37587006960556846
2 0.26142401700318807 0.2581206496519721 0.1232731137088204 0.3654292343387471
