2 0.8175965665236051 0.2671232876712329 0.04892703862660944 0.10136986301369863
2 0.8210300429184549 0.34657534246575344 0.06609442060085836 0.09863013698630137
2 0.8742489270386266 0.1506849315068493 0.04377682403433476 0.0684931506849315
2 0.8420600858369098 0.31643835616438354 0.07896995708154506 0.1726027397260274
2 0.23304721030042916 0.09520547945205479 0.18626609442060085 0.0863013698630137
6 0.18111587982832617 0.8554794520547945 0.1854077253218884 0.27534246575342464
6 0.6004291845493562 0.7657534246575343 0.151931330472103 0.1452054794520548
4 0.8643776824034334 0.6356164383561644 0.11330472103004291 0.2493150684931507
4 0.790557939914163 0.5828767123287671 0.1150214592274678 0.20684931506849316
7 0.02145922746781116 0.8547945205479452 0.03261802575107296 0.12876712328767123
7 0.7652360515021459 0.8034246575342466 0.07639484978540773 0.09178082191780822
7 0.8802575107296137 0.33356164383561643 0.06781115879828326 0.06438356164383562
7 0.8107296137339055 0.8321917808219178 0.05407725321888412 0.11095890410958904
5 0.6098712446351932 0.8636986301369863 0.16566523605150213 0.14383561643835616
5 0.03862660944206008 0.876027397260274 0.0703862660944206 0.2397260273972603
5 0.10729613733905578 0.8787671232876713 0.08755364806866953 0.23424657534246576
2 0.807725321888412 0.14794520547945206 0.07725321888412016 0.1452054794520548
