3 0.8513909224011713 0.3996655518394649 0.18594436310395315 0.28762541806020064
3 0.5212298682284041 0.7015050167224081 0.10834553440702782 0.2157190635451505
2 0.16398243045387995 0.43478260869565216 0.26061493411420206 0.48494983277591974
2 0.5732064421669107 0.17391304347826086 0.22986822840409957 0.08695652173913043
2 0.7518301610541728 0.17307692307692307 0.0424597364568082 0.06856187290969899
2 0.904099560761347 0.07525083612040134 0.0629575402635432 0.06354515050167224
2 0.8594436310395315 0.112876254180602 0.08199121522693997 0.061872909698996656
2 0.9297218155197657 0.12374581939799331 0.055636896046852125 0.03678929765886287
4 0.28550512445095166 0.15468227424749165 0.28111273792093705 0.18896321070234112
5 0.44143484626647145 0.23411371237458192 0.46998535871156666 0.1906354515050167
