3 0.6763456090651558 0.21348314606741572 0.22521246458923513 0.16292134831460675
3 0.7875354107648725 0.5519662921348314 0.2181303116147309 0.16573033707865167
3 0.830028328611898 0.45084269662921345 0.22662889518413598 0.1544943820224719
3 0.5311614730878187 0.1327247191011236 0.2464589235127479 0.09410112359550561
3 0.8484419263456091 0.49929775280898875 0.21529745042492918 0.17556179775280897
3 0.8753541076487252 0.25912921348314605 0.2181303116147309 0.1896067415730337
3 0.8045325779036827 0.32373595505617975 0.21529745042492918 0.20646067415730338
3 0.48583569405099153 0.16643258426966293 0.23796033994334279 0.08286516853932584
3 0.07436260623229463 0.21839887640449437 0.13172804532577903 0.10533707865168539
3 0.8746458923512749 0.386938202247191 0.23371104815864024 0.2092696629213483
3 0.2528328611898017 0.33918539325842695 0.2507082152974504 0.125
3 0.1643059490084986 0.17696629213483145 0.1954674220963173 0.12359550561797752
3 0.391643059490085 0.24648876404494383 0.25920679886685555 0.09410112359550561
3 0.3052407932011332 0.12851123595505617 0.25637393767705385 0.10533707865168539
