5 0.02418207681365576 0.8186968838526912 0.03982930298719772 0.3597733711048159
3 0.10704125177809388 0.78328611898017 0.12731152204836416 0.42492917847025496
6 0.2923186344238976 0.9256373937677054 0.19061166429587484 0.14872521246458925
5 0.41465149359886205 0.7478753541076487 0.1251778093883357 0.4164305949008499
3 0.5693456614509247 0.36968838526912184 0.12446657183499289 0.34277620396600567
3 0.5668563300142248 0.5134560906515581 0.20341394025604553 0.45184135977337114
5 0.7087482219061166 0.509915014164306 0.21266002844950213 0.09915014164305949
5 0.7805832147937412 0.8250708215297451 0.10312944523470839 0.3243626062322946
2 0.8165007112375534 0.93342776203966 0.12944523470839261 0.1274787535410765
7 0.2332859174964438 0.6735127478753541 0.017069701280227598 0.13739376770538245
