2 0.10665294924554183 0.4937185929648241 0.01989026063100137 0.10552763819095477
2 0.1313443072702332 0.6614321608040201 0.025377229080932782 0.06155778894472362
2 0.1731824417009602 0.5445979899497487 0.030864197530864196 0.07663316582914573
4 0.3405349794238683 0.2600502512562814 0.13100137174211246 0.2085427135678392
0 0.6189986282578874 0.16645728643216082 0.04869684499314129 0.04648241206030151
2 0.8213305898491083 0.1306532663316583 0.04869684499314129 0.10552763819095477
3 0.899519890260631 0.24560301507537688 0.16666666666666666 0.14698492462311558
3 0.9036351165980795 0.27826633165829145 0.1474622770919067 0.21733668341708542
3 0.8504801097393689 0.30527638190954776 0.12208504801097393 0.2185929648241206
3 0.8079561042524005 0.47173366834170855 0.11796982167352536 0.12437185929648241
3 0.9224965706447187 0.43467336683417085 0.11796982167352536 0.1306532663316583
