2 0.431266846361186 0.37579617834394907 0.05929919137466308 0.07961783439490447
2 0.23135669362084457 0.7707006369426752 0.1320754716981132 0.09872611464968153
2 0.20754716981132076 0.6305732484076434 0.10062893081761007 0.08280254777070065
2 0.24438454627133874 0.5334394904458599 0.1545372866127583 0.12101910828025478
2 0.23405211141060198 0.32006369426751596 0.08894878706199462 0.089171974522293
2 0.3836477987421384 0.3144904458598726 0.03593890386343217 0.11305732484076433
2 0.42138364779874216 0.4657643312101911 0.034141958670260555 0.12579617834394904
6 0.9034141958670261 0.5 0.13746630727762804 0.37579617834394907
4 0.6383647798742139 0.46257961783439494 0.08176100628930819 0.2818471337579618
5 0.6365678346810423 0.4004777070063694 0.1734052111410602 0.374203821656051
