2 0.05197132616487455 0.796144859813084 0.04659498207885305 0.12266355140186914
2 0.08243727598566308 0.8113317757009345 0.05448028673835126 0.12266355140186914
2 0.22544802867383512 0.48831775700934577 0.053763440860215055 0.0911214953271028
4 0.33835125448028674 0.3860981308411215 0.11612903225806452 0.10864485981308411
2 0.22759856630824374 0.3650700934579439 0.07813620071684588 0.11098130841121495
5 0.5878136200716846 0.731892523364486 0.07598566308243727 0.3469626168224299
5 0.7989247311827957 0.6320093457943925 0.13405017921146953 0.18457943925233644
2 0.7146953405017921 0.08703271028037382 0.05591397849462366 0.09929906542056074
2 0.9146953405017921 0.7564252336448598 0.048745519713261645 0.08761682242990654
2 0.8684587813620072 0.822429906542056 0.04516129032258064 0.08878504672897196
