3 0.5032894736842105 0.6575342465753424 0.11403508771929824 0.40821917808219177
2 0.6173245614035088 0.21095890410958903 0.08991228070175439 0.09315068493150686
2 0.4435307017543859 0.1 0.0625 0.136986301369863
2 0.49671052631578944 0.10410958904109589 0.06140350877192982 0.1315068493150685
2 0.8245614035087718 0.571917808219178 0.12719298245614036 0.20136986301369864
2 0.08771929824561403 0.6226027397260274 0.08114035087719298 0.13287671232876713
2 0.15789473684210525 0.5547945205479452 0.04824561403508772 0.14246575342465753
2 0.5515350877192983 0.1856164383561644 0.07894736842105263 0.06712328767123288
2 0.05866228070175438 0.43219178082191784 0.044956140350877194 0.11643835616438357
2 0.4950657894736842 0.4267123287671233 0.03618421052631579 0.06438356164383562
2 0.13925438596491227 0.41643835616438357 0.07236842105263158 0.21095890410958903
2 0.7132675438596491 0.7239726027397261 0.21162280701754385 0.17397260273972603
4 0.20175438596491227 0.29383561643835615 0.21271929824561403 0.13561643835616438
4 0.6781798245614035 0.6438356164383562 0.09978070175438596 0.1589041095890411
5 0.3075657894736842 0.5253424657534247 0.10635964912280702 0.42054794520547945
