0 0.5660611065235343 0.20855263157894735 0.053674649050371594 0.0881578947368421
0 0.37283236994219654 0.6006578947368421 0.09991742361684558 0.046052631578947366
2 0.5656482246077622 0.2980263157894737 0.06606110652353427 0.1513157894736842
2 0.5569777043765483 0.40592105263157896 0.0685383980181668 0.12236842105263157
2 0.4587118084227911 0.49407894736842106 0.19900908340214699 0.20921052631578946
2 0.3125516102394715 0.7460526315789473 0.08670520231213873 0.17368421052631577
2 0.6011560693641618 0.27171052631578946 0.03633360858794385 0.07763157894736841
2 0.34847233691164325 0.5506578947368421 0.08918249380677126 0.08289473684210526
5 0.059867877786952926 0.6611842105263158 0.06523534269199009 0.3513157894736842
5 0.02518579686209744 0.6414473684210527 0.042113955408753095 0.38026315789473686
5 0.3810900082576383 0.9565789473684211 0.22213047068538397 0.07631578947368421
