3 0.14005474452554745 0.9349662162162162 0.20894160583941604 0.1266891891891892
3 0.17153284671532845 0.8234797297297298 0.17518248175182483 0.19763513513513514
3 0.8471715328467153 0.14527027027027029 0.07208029197080291 0.17567567567567569
2 0.5597627737226277 0.6790540540540541 0.16697080291970803 0.4628378378378379
2 0.1272810218978102 0.8192567567567568 0.1833941605839416 0.15202702702702703
2 0.5410583941605839 0.5380067567567568 0.218978102189781 0.18074324324324326
2 0.07846715328467153 0.7077702702702703 0.0364963503649635 0.10472972972972974
2 0.28421532846715325 0.7491554054054055 0.07025547445255474 0.18074324324324326
4 0.2778284671532847 0.6444256756756757 0.1177007299270073 0.28547297297297297
5 0.4977189781021898 0.44172297297297297 0.22536496350364962 0.3293918918918919
