0 0.1285714285714286 0.3460410557184751 0.09774436090225565 0.093841642228739
3 0.7293233082706767 0.45234604105571846 0.44511278195488724 0.17155425219941348
3 0.6827067669172933 0.21480938416422288 0.3218045112781955 0.27126099706744866
3 0.49097744360902257 0.7214076246334311 0.2030075187969925 0.30498533724340177
2 0.4586466165413534 0.8680351906158358 0.10225563909774436 0.0469208211143695
2 0.13157894736842107 0.1312316715542522 0.1067669172932331 0.10117302052785923
2 0.2135338345864662 0.18841642228739003 0.07819548872180451 0.15395894428152493
6 0.1879699248120301 0.2837243401759531 0.2255639097744361 0.3035190615835777
5 0.31503759398496245 0.7470674486803519 0.23909774436090228 0.4442815249266862
7 0.25413533834586466 0.6304985337243402 0.09924812030075189 0.1407624633431085
