3 0.46346830985915494 0.44766146993318484 0.23327464788732394 0.10467706013363029
3 0.5154049295774648 0.24498886414253895 0.22975352112676056 0.08017817371937638
3 0.5374119718309859 0.28452115812917594 0.23151408450704225 0.09910913140311804
3 0.5136443661971831 0.37138084632516705 0.23327464788732394 0.09688195991091314
3 0.4647887323943662 0.35579064587973275 0.23415492957746478 0.08797327394209353
2 0.5431338028169014 0.8246102449888641 0.0721830985915493 0.15924276169265034
2 0.5184859154929577 0.8296213808463251 0.07042253521126761 0.155902004454343
2 0.47315140845070425 0.7087973273942093 0.06954225352112677 0.06792873051224944
2 0.4621478873239437 0.7717149220489977 0.061619718309859156 0.0757238307349666
5 0.3543133802816901 0.5690423162583519 0.12411971830985916 0.3741648106904231
5 0.8204225352112676 0.32516703786191536 0.35211267605633806 0.13808463251670378
