5 0.14954892435808465 0.11803713527851459 0.14226231783483692 0.08488063660477453
2 0.12005551700208188 0.17108753315649866 0.07494795281054822 0.055702917771883284
2 0.5503122831367105 0.23076923076923075 0.06662040249826509 0.22546419098143236
2 0.6252602359472588 0.22745358090185674 0.06662040249826509 0.22679045092838196
2 0.7029840388619014 0.22281167108753314 0.06384455239417071 0.22281167108753314
2 0.547883414295628 0.35809018567639256 0.06731436502428868 0.21750663129973474
2 0.6276891047883414 0.35543766578249336 0.0659264399722415 0.22015915119363394
2 0.7068008327550312 0.3494694960212201 0.06731436502428868 0.21618037135278514
2 0.782442748091603 0.6651193633952255 0.11450381679389313 0.1312997347480106
5 0.5440666204024982 0.8003978779840848 0.15822345593337958 0.27984084880636606
5 0.794587092297016 0.8647214854111406 0.15822345593337958 0.17771883289124668
4 0.7873004857737682 0.7267904509283819 0.11172796668979874 0.13793103448275862
