0 0.3036144578313253 0.7974683544303798 0.11244979919678716 0.07088607594936709
2 0.6381526104417671 0.5740506329113925 0.11646586345381527 0.2088607594936709
2 0.670281124497992 0.6449367088607595 0.06666666666666667 0.12278481012658228
2 0.7285140562248996 0.5481012658227848 0.05140562248995984 0.14936708860759493
2 0.6943775100401607 0.5943037974683545 0.06506024096385543 0.14303797468354432
2 0.6606425702811245 0.26139240506329114 0.03453815261044177 0.04683544303797468
4 0.6546184738955824 0.7335443037974684 0.0963855421686747 0.15063291139240506
7 0.604417670682731 0.3056962025316456 0.05060240963855422 0.06455696202531645
5 0.46987951807228917 0.4537974683544304 0.08835341365461848 0.3962025316455696
5 0.42730923694779116 0.46139240506329116 0.07871485943775101 0.39367088607594936
5 0.8196787148594378 0.48607594936708864 0.1678714859437751 0.3240506329113924
