3 0.8290190735694822 0.5288697788697788 0.12125340599455041 0.3501228501228501
3 0.14100817438692098 0.6652334152334152 0.20299727520435967 0.14373464373464373
3 0.6866485013623977 0.47174447174447176 0.15258855585831063 0.18427518427518427
3 0.4305177111716621 0.22174447174447173 0.17166212534059944 0.2665847665847666
2 0.391008174386921 0.6996314496314496 0.1307901907356948 0.21007371007371006
2 0.5728882833787465 0.7303439803439803 0.13215258855585832 0.19533169533169534
6 0.7534059945504087 0.5872235872235873 0.11444141689373297 0.2285012285012285
6 0.9243869209809265 0.7555282555282555 0.15122615803814712 0.343980343980344
6 0.35490463215258855 0.8826781326781327 0.2847411444141689 0.09705159705159705
5 0.8692098092643051 0.5890663390663391 0.10354223433242507 0.3574938574938575
