0 0.8931116389548693 0.12718204488778054 0.07759303246239113 0.0773067331670823
3 0.9113222486144101 0.6178304239401496 0.17577197149643706 0.13591022443890274
2 0.8535233570863024 0.1483790523690773 0.07442596991290577 0.2369077306733167
2 0.944972288202692 0.13216957605985036 0.07205067300079177 0.24189526184538654
2 0.3974663499604117 0.05798004987531172 0.050673000791765635 0.11596009975062344
2 0.44576405384006335 0.1041147132169576 0.06175771971496437 0.08603491271820449
6 0.30403800475059384 0.2169576059850374 0.09184481393507521 0.1770573566084788
4 0.336104513064133 0.22069825436408977 0.05463182897862232 0.11970074812967581
5 0.497624703087886 0.2587281795511222 0.12589073634204276 0.25311720698254364
5 0.4659540775930324 0.25561097256857856 0.12114014251781473 0.25187032418952615
