0 0.9167478091528725 0.1878698224852071 0.043816942551119765 0.17159763313609466
3 0.4664070107108082 0.7884615384615384 0.249269717624148 0.1923076923076923
3 0.42745861733203505 0.6923076923076923 0.25705939629990265 0.20414201183431951
3 0.7541382667964946 0.42381656804733725 0.13924050632911392 0.16124260355029585
3 0.7930866601752677 0.36168639053254437 0.13924050632911392 0.17011834319526628
2 0.8028237585199611 0.6050295857988166 0.14897760467380722 0.20710059171597633
2 0.9016553067185978 0.08653846153846154 0.1518987341772152 0.16420118343195267
4 0.3076923076923077 0.2692307692307692 0.11100292112950341 0.21005917159763313
5 0.5954235637779942 0.22928994082840237 0.1528724440116845 0.30177514792899407
7 0.8471275559883155 0.75 0.0798442064264849 0.08579881656804733
