3 0.6928312159709619 0.6285714285714286 0.11524500907441015 0.3171428571428571
3 0.3806715063520871 0.6314285714285715 0.08983666061705989 0.42
3 0.617059891107078 0.515 0.08166969147005444 0.4042857142857143
3 0.44328493647912887 0.5735714285714286 0.1352087114337568 0.41285714285714287
3 0.7286751361161524 0.35428571428571426 0.30671506352087113 0.43714285714285717
6 0.1306715063520871 0.5507142857142857 0.1161524500907441 0.33
4 0.25499092558983666 0.5964285714285714 0.1088929219600726 0.21
7 0.13157894736842105 0.38357142857142856 0.03629764065335753 0.13285714285714287
5 0.2395644283121597 0.2835714285714286 0.26497277676951 0.11
3 0.6828493647912885 0.49357142857142855 0.15335753176043557 0.33285714285714285
3 0.7613430127041741 0.5328571428571428 0.1397459165154265 0.33714285714285713
