5 0.9224006116207951 0.7227602905569007 0.06651376146788991 0.33171912832929784
2 0.878822629969419 0.5556900726392252 0.08792048929663608 0.1089588377723971
2 0.5 0.17070217917675545 0.045871559633027525 0.06537530266343826
2 0.5328746177370031 0.26876513317191286 0.04434250764525994 0.08958837772397095
2 0.191131498470948 0.35956416464891044 0.08868501529051988 0.23728813559322035
4 0.15214067278287463 0.5024213075060533 0.10091743119266056 0.23002421307506055
2 0.10932721712538226 0.4673123486682809 0.07186544342507645 0.15980629539951574
2 0.27522935779816515 0.19128329297820823 0.10550458715596331 0.19370460048426152
2 0.8436544342507646 0.7161016949152542 0.046636085626911315 0.08353510895883777
2 0.10665137614678899 0.32142857142857145 0.06804281345565749 0.18038740920096852
2 0.13226299694189603 0.6404358353510896 0.05963302752293578 0.12106537530266344
