3 0.681184668989547 0.21201657458563536 0.17770034843205576 0.2527624309392265
2 0.3153310104529617 0.7914364640883977 0.16376306620209058 0.0718232044198895
2 0.48257839721254353 0.7334254143646408 0.1602787456445993 0.06629834254143646
2 0.2456445993031359 0.5953038674033149 0.24390243902439024 0.15469613259668508
2 0.5940766550522648 0.5669889502762431 0.14285714285714285 0.1229281767955801
2 0.35801393728222997 0.1574585635359116 0.10627177700348432 0.04143646408839779
2 0.04355400696864112 0.21961325966850828 0.07317073170731707 0.0856353591160221
2 0.4721254355400697 0.6070441988950276 0.289198606271777 0.11740331491712706
2 0.23780487804878048 0.6581491712707183 0.1132404181184669 0.12845303867403315
5 0.8362369337979094 0.5628453038674033 0.2264808362369338 0.42955801104972374
