3 0.878095238095238 0.35082872928176795 0.08 0.33701657458563533
3 0.7533333333333333 0.3570441988950276 0.08 0.3660220994475138
3 0.7176190476190476 0.29765193370165743 0.1019047619047619 0.3328729281767956
2 0.03857142857142857 0.255524861878453 0.054285714285714284 0.22099447513812154
2 0.060476190476190475 0.5324585635359116 0.08666666666666667 0.07320441988950276
2 0.07809523809523809 0.24930939226519336 0.0761904761904762 0.11187845303867403
2 0.24666666666666667 0.15607734806629833 0.13333333333333333 0.0718232044198895
2 0.39666666666666667 0.1367403314917127 0.08285714285714285 0.06353591160220995
2 0.44904761904761903 0.10635359116022099 0.05238095238095238 0.06629834254143646
6 0.8885714285714286 0.7658839779005524 0.11238095238095239 0.34944751381215466
7 0.6190476190476191 0.8045580110497237 0.06476190476190476 0.10359116022099447
5 0.8180952380952381 0.2755524861878453 0.10095238095238095 0.2914364640883978
5 0.5971428571428572 0.8729281767955801 0.3161904761904762 0.22099447513812154
5 0.6504761904761904 0.9019337016574586 0.2895238095238095 0.16850828729281767
7 0.6523809523809524 0.7693370165745856 0.06285714285714286 0.06906077348066297
2 0.4657142857142857 0.09392265193370165 0.1961904761904762 0.1712707182320442
