3 0.7815631262525049 0.33067729083665337 0.26452905811623245 0.4940239043824701
3 0.43286573146292584 0.34661354581673304 0.3286573146292585 0.5577689243027888
3 0.879759519038076 0.6733067729083665 0.1843687374749499 0.43824701195219123
3 0.5601202404809619 0.3844621513944223 0.3186372745490982 0.5099601593625498
3 0.7755511022044087 0.7778884462151394 0.16833667334669336 0.39243027888446214
2 0.1032064128256513 0.5647410358565736 0.05410821643286573 0.12151394422310757
4 0.3246492985971944 0.9203187250996016 0.38476953907815625 0.1394422310756972
5 0.6923847695390781 0.5637450199203187 0.21442885771543085 0.5737051792828685
3 0.7535070140280561 0.7729083665338645 0.20841683366733466 0.3944223107569721
7 0.6112224448897795 0.7440239043824701 0.03607214428857715 0.22111553784860558
