3 0.18310598111227702 0.06490384615384616 0.14585519412381953 0.08653846153846154
3 0.5089192025183631 0.10276442307692309 0.14690451206715635 0.11177884615384616
3 0.28803777544596015 0.0967548076923077 0.10178384050367262 0.15985576923076925
3 0.5230849947534103 0.22716346153846156 0.14585519412381953 0.1826923076923077
3 0.4795383001049318 0.35216346153846156 0.155299055613851 0.19230769230769232
3 0.17051416579223505 0.13641826923076925 0.14585519412381953 0.09735576923076923
3 0.21720881427072403 0.17848557692307693 0.14900314795383002 0.09495192307692309
3 0.263903462749213 0.14423076923076925 0.14795383001049317 0.10096153846153846
2 0.630115424973767 0.7662259615384616 0.09548793284365163 0.14543269230769232
2 0.2088142707240294 0.4044471153846154 0.11122770199370409 0.12379807692307693
2 0.8363064008394544 0.21033653846153846 0.05876180482686254 0.06730769230769232
2 0.1558237145855194 0.265625 0.1080797481636936 0.10096153846153846
2 0.19674711437565584 0.3245192307692308 0.1353620146904512 0.08173076923076923
2 0.27911857292759706 0.35216346153846156 0.07135362014690451 0.08653846153846154
2 0.6977964323189927 0.21153846153846156 0.02728226652675761 0.07211538461538462
3 0.3289611752360965 0.20252403846153846 0.09338929695697797 0.16947115384615385
