2 0.3370927318295739 0.9112903225806451 0.07518796992481203 0.08944281524926687
2 0.713032581453634 0.6818181818181818 0.045112781954887216 0.1348973607038123
2 0.3458646616541353 0.8335777126099707 0.045112781954887216 0.05718475073313783
2 0.31954887218045114 0.8702346041055719 0.05513784461152882 0.02785923753665689
2 0.3208020050125313 0.8093841642228738 0.05764411027568922 0.03519061583577712
2 0.300125313283208 0.8372434017595308 0.05889724310776942 0.04398826979472141
2 0.6904761904761905 0.6407624633431085 0.03759398496240601 0.08504398826979472
6 0.5162907268170426 0.1590909090909091 0.3032581453634085 0.3064516129032258
6 0.14536340852130325 0.4780058651026393 0.20802005012531327 0.39002932551319647
4 0.7907268170426065 0.30498533724340177 0.14035087719298245 0.2316715542521994
4 0.10275689223057644 0.39882697947214074 0.16040100250626566 0.2785923753665689
