3 0.22120038722168442 0.2056555269922879 0.1887705711519845 0.14395886889460152
3 0.24782187802516942 0.2731362467866324 0.18973862536302033 0.15295629820051412
3 0.5900290416263311 0.5976863753213367 0.09002904162633107 0.25964010282776345
2 0.21829622458857698 0.6940874035989717 0.10358180058083254 0.33161953727506427
2 0.824298160696999 0.17544987146529561 0.06873184898354308 0.07840616966580977
6 0.36592449177153924 0.6580976863753213 0.11616650532429816 0.442159383033419
6 0.2812197483059051 0.15616966580976863 0.16553727008712488 0.15038560411311053
4 0.5513068731848983 0.377892030848329 0.07066795740561471 0.1773778920308483
5 0.691674733785092 0.1780205655526992 0.2352371732817038 0.16838046272493573
3 0.6713455953533398 0.4010282776349614 0.09777347531461762 0.25449871465295626
