2 0.4993990384615385 0.7100238663484487 0.058894230769230775 0.13365155131264916
2 0.4284855769230769 0.34725536992840095 0.10697115384615385 0.05966587112171838
2 0.59375 0.610381861575179 0.12259615384615385 0.07756563245823389
2 0.3155048076923077 0.27923627684964203 0.09735576923076923 0.11933174224343676
2 0.5943509615384616 0.7750596658711217 0.13822115384615385 0.09188544152744631
2 0.600360576923077 0.6670644391408115 0.13822115384615385 0.06682577565632458
2 0.787860576923077 0.8591885441527447 0.04927884615384616 0.05489260143198091
2 0.38461538461538464 0.10560859188544153 0.11778846153846155 0.07040572792362769
2 0.4026442307692308 0.1431980906921241 0.0889423076923077 0.06205250596658712
6 0.6123798076923077 0.8973747016706445 0.32091346153846156 0.15274463007159905
4 0.7830528846153847 0.23389021479713604 0.05168269230769231 0.20047732696897375
