2 0.36868686868686873 0.13114754098360656 0.06818181818181819 0.13442622950819672
2 0.523989898989899 0.43688524590163935 0.1186868686868687 0.3622950819672131
2 0.1351010101010101 0.26967213114754096 0.042929292929292935 0.10983606557377049
2 0.1912878787878788 0.6827868852459016 0.09217171717171718 0.34918032786885245
2 0.4008838383838384 0.5049180327868853 0.1047979797979798 0.42295081967213116
2 0.6470959595959597 0.18524590163934426 0.17550505050505052 0.09508196721311475
2 0.7967171717171718 0.3770491803278688 0.11616161616161617 0.07540983606557378
2 0.3339646464646465 0.4278688524590164 0.1148989898989899 0.16393442622950818
2 0.4570707070707071 0.4778688524590164 0.0984848484848485 0.2967213114754098
2 0.7664141414141414 0.4418032786885246 0.11363636363636365 0.11311475409836065
2 0.6755050505050506 0.45737704918032784 0.08585858585858587 0.14426229508196722
2 0.6218434343434344 0.4557377049180328 0.10984848484848486 0.14098360655737704
