1 0.2162480376766091 0.2076271186440678 0.10596546310832025 0.32808716707021796
3 0.7417582417582418 0.5865617433414044 0.21664050235478807 0.2142857142857143
3 0.8092621664050236 0.8541162227602906 0.1695447409733124 0.15617433414043586
2 0.1981946624803768 0.6822033898305085 0.0902668759811617 0.08595641646489105
2 0.9434850863422293 0.6380145278450363 0.04709576138147567 0.12590799031476999
2 0.8767660910518054 0.42736077481840196 0.05023547880690738 0.12590799031476999
2 0.1546310832025118 0.6228813559322034 0.18210361067503925 0.12469733656174335
2 0.8218210361067504 0.4491525423728814 0.0565149136577708 0.09927360774818403
2 0.631083202511774 0.9673123486682809 0.04395604395604396 0.05084745762711865
2 0.9089481946624804 0.516949152542373 0.05180533751962324 0.1162227602905569
2 0.22959183673469388 0.47578692493946734 0.05729984301412873 0.10411622276029056
6 0.25156985871271587 0.3983050847457627 0.09183673469387756 0.4092009685230024
4 0.2794348508634223 0.4346246973365618 0.08634222919937207 0.16949152542372883
7 0.04199372056514914 0.2524213075060533 0.02590266875981162 0.1295399515738499
7 0.07339089481946626 0.3753026634382567 0.03532182103610675 0.13801452784503632
7 0.315934065934066 0.3099273607748184 0.02433281004709576 0.13801452784503632
