3 0.5199203187250996 0.5005760368663594 0.09362549800796813 0.3675115207373272
2 0.6210159362549801 0.22811059907834103 0.07270916334661355 0.08064516129032258
2 0.7853585657370518 0.2684331797235023 0.07470119521912351 0.06221198156682028
2 0.671812749003984 0.2534562211981567 0.044820717131474105 0.07142857142857142
2 0.6264940239043825 0.2834101382488479 0.037848605577689244 0.04838709677419355
2 0.7241035856573705 0.2586405529953917 0.07569721115537849 0.08640552995391705
6 0.7574701195219123 0.35253456221198154 0.2539840637450199 0.1175115207373272
4 0.5891434262948207 0.5253456221198156 0.15637450199203187 0.2465437788018433
4 0.05826693227091633 0.37442396313364057 0.10856573705179283 0.11290322580645161
7 0.7390438247011952 0.10311059907834101 0.09163346613545817 0.021889400921658985
5 0.5303784860557769 0.5564516129032258 0.08266932270916334 0.30184331797235026
2 0.625 0.1532258064516129 0.0647410358565737 0.08525345622119816
0 0.773406374501992 0.11923963133640553 0.11653386454183266 0.07027649769585254
