1 0.3171768707482993 0.33171912832929784 0.047619047619047616 0.21307506053268765
1 0.09353741496598639 0.30811138014527845 0.11564625850340135 0.13922518159806296
3 0.23724489795918366 0.6483050847457628 0.2261904761904762 0.1198547215496368
3 0.5119047619047619 0.30387409200968524 0.11904761904761904 0.26392251815980633
3 0.31164965986394555 0.1198547215496368 0.2032312925170068 0.15254237288135594
3 0.5837585034013605 0.35108958837772397 0.11139455782312925 0.288135593220339
2 0.5229591836734694 0.2046004842615012 0.1292517006802721 0.1791767554479419
6 0.9192176870748299 0.2845036319612591 0.1564625850340136 0.1016949152542373
4 0.18027210884353742 0.534503631961259 0.16156462585034012 0.15859564164648912
5 0.814625850340136 0.1719128329297821 0.06292517006802721 0.27602905569007263
5 0.25297619047619047 0.5587167070217918 0.26105442176870747 0.11016949152542374
