5 0.013297872340425532 0.5802139037433155 0.023936170212765957 0.47058823529411764
3 0.10538563829787234 0.391711229946524 0.07912234042553191 0.1657754010695187
2 0.4072473404255319 0.642379679144385 0.05252659574468085 0.12165775401069517
6 0.38863031914893614 0.20254010695187163 0.17486702127659573 0.19117647058823528
4 0.7799202127659575 0.3943850267379679 0.1276595744680851 0.13903743315508021
3 0.7908909574468085 0.303475935828877 0.21476063829787234 0.13636363636363635
3 0.835438829787234 0.26336898395721925 0.1908244680851064 0.2032085561497326
3 0.9584441489361701 0.4739304812834224 0.06981382978723404 0.3462566844919786
3 0.8600398936170213 0.3903743315508021 0.2041223404255319 0.17914438502673796
3 0.8387632978723404 0.428475935828877 0.18816489361702127 0.16443850267379678
2 0.5009973404255319 0.2814171122994652 0.04720744680851064 0.16978609625668448
