3 0.8222722159730035 0.718235294117647 0.2317210348706412 0.2176470588235294
2 0.6197975253093364 0.7011764705882352 0.16197975253093366 0.11294117647058823
2 0.862204724409449 0.8558823529411764 0.21034870641169856 0.18941176470588234
2 0.516872890888639 0.1323529411764706 0.12260967379077617 0.06235294117647058
6 0.5888638920134984 0.7905882352941176 0.2080989876265467 0.27999999999999997
4 0.5022497187851519 0.8152941176470587 0.07311586051743532 0.10352941176470587
4 0.5185601799775028 0.07941176470588235 0.06524184476940383 0.09058823529411764
7 0.4988751406074241 0.051764705882352935 0.043869516310461196 0.07294117647058823
7 0.2440944881889764 0.37352941176470583 0.06974128233970754 0.07176470588235294
5 0.07255343082114736 0.5188235294117647 0.14285714285714288 0.3529411764705882
