2 0.14573820395738202 0.3430599369085173 0.05098934550989345 0.11829652996845426
2 0.11681887366818873 0.33280757097791797 0.05098934550989345 0.13249211356466878
2 0.1343226788432268 0.555205047318612 0.05098934550989345 0.11356466876971609
2 0.1293759512937595 0.6774447949526814 0.0639269406392694 0.2665615141955836
4 0.3485540334855403 0.46924290220820186 0.0989345509893455 0.23186119873817035
6 0.521689497716895 0.5473186119873816 0.08599695585996955 0.3911671924290221
0 0.4265601217656012 0.26261829652996843 0.07534246575342465 0.03943217665615142
5 0.8744292237442922 0.5362776025236593 0.182648401826484 0.3533123028391167
2 0.8280060882800608 0.14984227129337538 0.0700152207001522 0.11356466876971609
2 0.7134703196347032 0.12460567823343849 0.07077625570776255 0.0473186119873817
2 0.8770928462709284 0.2973186119873817 0.13165905631659056 0.3107255520504732
