1 0.11658249158249158 0.565406976744186 0.15067340067340065 0.17151162790697674
3 0.2685185185185185 0.7405523255813954 0.21043771043771042 0.13517441860465115
3 0.4074074074074074 0.7383720930232558 0.08922558922558922 0.2005813953488372
3 0.28114478114478114 0.9447674418604651 0.11616161616161616 0.10174418604651163
3 0.3371212121212121 0.8662790697674418 0.11868686868686869 0.10755813953488372
2 0.17466329966329966 0.8248546511627907 0.0664983164983165 0.14098837209302326
2 0.6477272727272727 0.5268895348837209 0.06481481481481481 0.14680232558139536
2 0.6195286195286195 0.18968023255813954 0.0707070707070707 0.19040697674418605
2 0.5597643097643097 0.23037790697674418 0.0723905723905724 0.15261627906976744
2 0.5622895622895623 0.5886627906976745 0.0707070707070707 0.1308139534883721
2 0.595117845117845 0.3568313953488372 0.13804713804713803 0.3561046511627907
