3 0.9207397622192867 0.49369085173501576 0.15059445178335534 0.2113564668769716
3 0.2582562747688243 0.5205047318611987 0.2047556142668428 0.1829652996845426
3 0.9154557463672391 0.3556782334384858 0.15852047556142668 0.20031545741324921
3 0.10634081902245707 0.4787066246056782 0.21003963011889035 0.4337539432176656
3 0.3038309114927345 0.305205047318612 0.25891677675033026 0.4116719242902208
3 0.16314398943196828 0.3430599369085173 0.10171730515191546 0.24132492113564669
2 0.6479524438573315 0.5433753943217665 0.1096433289299868 0.250788643533123
2 0.4240422721268164 0.6435331230283912 0.05812417437252312 0.15772870662460567
2 0.7899603698811096 0.7279179810725552 0.05812417437252312 0.1056782334384858
2 0.691545574636724 0.555993690851735 0.08586525759577279 0.12145110410094637
2 0.5561426684280053 0.6080441640378549 0.10568031704095113 0.16246056782334384
2 0.5191545574636725 0.5260252365930599 0.1083223249669749 0.1056782334384858
2 0.6169088507265522 0.34384858044164035 0.10039630118890357 0.08201892744479496
2 0.5785997357992074 0.5481072555205048 0.07926023778071334 0.09305993690851734
2 0.6063408190224571 0.6182965299684542 0.08982826948480846 0.12933753943217666
