2 0.26292466765140327 0.20055710306406685 0.20088626292466766 0.07520891364902507
2 0.25258493353028066 0.16504178272980502 0.14771048744460857 0.06824512534818941
2 0.689069423929099 0.8642061281337048 0.11078286558345643 0.09610027855153204
2 0.3751846381093058 0.25 0.11816838995568686 0.07103064066852367
2 0.41580502215657317 0.2075208913649025 0.04579025110782866 0.07520891364902507
2 0.6602658788774003 0.2903899721448468 0.43131462333825704 0.4972144846796657
2 0.14992614475627772 0.32590529247910865 0.057607090103397346 0.06406685236768803
2 0.13515509601181686 0.28969359331476324 0.03692762186115214 0.055710306406685235
2 0.29320531757754803 0.48885793871866295 0.28508124076809455 0.17270194986072424
2 0.5450516986706057 0.5153203342618384 0.2599704579025111 0.28969359331476324
