2 0.9450469992769341 0.5100502512562815 0.03470715835140998 0.23115577889447236
2 0.9099783080260303 0.5961055276381909 0.035430224150397684 0.16959798994974876
3 0.8593637020968908 0.4704773869346734 0.07447577729573392 0.3630653266331658
2 0.5795372378886479 0.32160804020100503 0.05712219812002892 0.21105527638190955
2 0.5491684743311641 0.16268844221105527 0.07736804049168475 0.157035175879397
2 0.601229211858279 0.5766331658291457 0.08893709327548807 0.2085427135678392
2 0.5665220535068691 0.5973618090452262 0.10629067245119306 0.1871859296482412
5 0.14533622559652928 0.4221105527638191 0.04772234273318872 0.38190954773869346
2 0.22378886478669557 0.8605527638190955 0.05422993492407809 0.09045226130653267
2 0.7169197396963124 0.1407035175879397 0.03253796095444685 0.04271356783919598
