3 0.3148457047539616 0.7458530805687205 0.057547956630525435 0.1457345971563981
2 0.8386155129274395 0.681872037914692 0.11759799833194329 0.08175355450236968
2 0.7389491242702252 0.13981042654028436 0.1634695579649708 0.15876777251184834
2 0.40533778148457045 0.740521327014218 0.06171809841534612 0.1137440758293839
2 0.04670558798999166 0.7488151658767773 0.09174311926605504 0.1279620853080569
2 0.03586321934945788 0.8027251184834124 0.07172643869891576 0.11966824644549764
2 0.19974979149291075 0.8838862559241707 0.03419516263552961 0.03080568720379147
2 0.8002502085070892 0.9377962085308058 0.05254378648874061 0.03672985781990522
2 0.20183486238532108 0.9164691943127963 0.041701417848206836 0.10071090047393366
2 0.20475396163469556 0.9478672985781991 0.039199332777314425 0.03080568720379147
6 0.28398665554628855 0.528436018957346 0.09591326105087572 0.25829383886255924
5 0.7727272727272727 0.5669431279620853 0.2994161801501251 0.14336492890995262
3 0.8961634695579649 0.8287914691943129 0.11426188490408673 0.13388625592417064
