0 0.9167478091528725 0.1878698224852071 0.043816942551119765 0.17159763313609466
3 0.4664070107108082 0.7884615384615384 0.249269717624148 0.1923076923076923
3 0.42745861733203505 0.6923076923076923 0.25705939629990265 0.20414201183431951
3 0.7541382667964946 0.42381656804733725 0.13924050632911392 0.16124260355029585
3 0.7930866601752677 0.36168639053254437 0.13924050632911392 0.17011834319526628
2 0.8028237585199611 0.6050295857988166 0.14897760467380722 0.20710059171597633
2 0.9410905550146057 0.28698224852071 0.11197663096397274 0.16272189349112426
2 0.9016553067185978 0.07248520710059171 0.14995131450827653 0.1272189349112426
2 0.9333008763388511 0.15680473372781065 0.12950340798442064 0.1331360946745562
4 0.3076923076923077 0.2692307692307692 0.11100292112950341 0.21005917159763313
5 0.5954235637779942 0.22928994082840237 0.1528724440116845 0.30177514792899407
