3 0.8998422712933754 0.7106205250596659 0.1451104100946372 0.29236276849642007
2 0.04219242902208202 0.4427207637231504 0.07649842271293375 0.162291169451074
2 0.9124605678233438 0.2583532219570406 0.05205047318611987 0.053699284009546544
2 0.2689274447949527 0.8335322195704058 0.07097791798107256 0.05131264916467781
6 0.4727917981072555 0.824582338902148 0.09227129337539432 0.28162291169451076
4 0.8690851735015772 0.3353221957040573 0.06782334384858044 0.1288782816229117
7 0.613564668769716 0.7541766109785203 0.07570977917981073 0.03102625298329356
5 0.5524447949526814 0.5065632458233891 0.15220820189274448 0.33770883054892603
5 0.12776025236593058 0.6778042959427208 0.06782334384858044 0.4200477326968974
2 0.01892744479495268 0.5059665871121719 0.0362776025236593 0.2028639618138425
