3 0.9240282685512367 0.5038560411311054 0.13074204946996465 0.3598971722365038
3 0.7697290930506477 0.44665809768637527 0.1896348645465253 0.30719794344473006
3 0.7526501766784451 0.8110539845758354 0.0989399293286219 0.26735218508997427
3 0.6519434628975265 0.8142673521850899 0.11896348645465252 0.2634961439588689
2 0.2691401648998822 0.5385604113110539 0.10247349823321554 0.16709511568123392
2 0.05653710247349823 0.7024421593830333 0.051825677267373374 0.10154241645244215
2 0.10247349823321554 0.7005141388174807 0.0541813898704358 0.11311053984575835
2 0.10188457008244993 0.6253213367609254 0.06007067137809187 0.11696658097686374
6 0.1525323910482921 0.3830334190231362 0.1260306242638398 0.3727506426735218
4 0.44228504122497053 0.45822622107969146 0.20376914016489986 0.2095115681233933
