2 0.5698847262247838 0.710431654676259 0.06195965417867435 0.21223021582733814
2 0.40778097982708933 0.7338129496402878 0.06916426512968299 0.19424460431654678
2 0.41930835734870314 0.302158273381295 0.06916426512968299 0.16546762589928057
2 0.08285302593659942 0.35701438848920863 0.07060518731988472 0.16726618705035973
2 0.5518731988472622 0.3102517985611511 0.06916426512968299 0.15287769784172664
2 0.25432276657060515 0.30035971223021585 0.07060518731988472 0.1510791366906475
2 0.5936599423631124 0.39298561151079137 0.13256484149855907 0.09892086330935253
2 0.7514409221902016 0.33992805755395683 0.07636887608069164 0.17266187050359713
2 0.5893371757925072 0.2589928057553957 0.12103746397694523 0.08992805755395684
2 0.14265129682997119 0.131294964028777 0.11239193083573486 0.08273381294964029
5 0.2730547550432276 0.11780575539568346 0.40778097982708933 0.11330935251798561
2 0.30475504322766567 0.125 0.11671469740634005 0.08453237410071943
