2 0.751980198019802 0.7314323607427056 0.0900990099009901 0.06763925729442971
2 0.7995049504950495 0.37334217506631295 0.12574257425742574 0.20822281167108753
2 0.7782178217821782 0.1856763925729443 0.12277227722772277 0.17771883289124668
2 0.7861386138613862 0.8083554376657824 0.06534653465346535 0.10477453580901856
2 0.8405940594059406 0.7347480106100795 0.09306930693069307 0.13527851458885942
2 0.7366336633663366 0.8461538461538461 0.06732673267326733 0.08488063660477453
2 0.7054455445544554 0.7884615384615384 0.05247524752475247 0.07824933687002653
7 0.15841584158415842 0.649867374005305 0.09108910891089109 0.09549071618037135
5 0.6633663366336634 0.21286472148541113 0.09702970297029703 0.37533156498673736
5 0.18316831683168316 0.4297082228116711 0.24752475247524752 0.3952254641909814
