3 0.1094420600858369 0.9594430992736078 0.21545064377682402 0.07627118644067797
2 0.6339055793991416 0.9043583535108959 0.1965665236051502 0.13801452784503632
2 0.2793991416309013 0.789951573849879 0.10729613733905578 0.14648910411622276
2 0.4540772532188841 0.4031476997578693 0.04291845493562232 0.1089588377723971
6 0.5171673819742489 0.6428571428571429 0.21545064377682402 0.19370460048426152
6 0.8532188841201717 0.40617433414043586 0.10128755364806867 0.21912832929782083
4 0.14334763948497853 0.8486682808716708 0.15622317596566523 0.14043583535108958
7 0.6609442060085836 0.8958837772397095 0.07210300429184549 0.05811138014527845
7 0.6914163090128755 0.9824455205811139 0.05407725321888412 0.03268765133171913
5 0.8935622317596567 0.8674334140435835 0.20600858369098712 0.08353510895883777
7 0.8931330472103004 0.7748184019370461 0.02145922746781116 0.1162227602905569
