2 0.7127092846270928 0.1198738170347003 0.06468797564687975 0.05362776025236593
2 0.8249619482496194 0.14668769716088328 0.0730593607305936 0.09779179810725552
2 0.8755707762557077 0.3028391167192429 0.12709284627092846 0.3028391167192429
5 0.865296803652968 0.5441640378548895 0.1948249619482496 0.34069400630914826
6 0.5281582952815829 0.5402208201892744 0.091324200913242 0.3832807570977918
4 0.3515981735159817 0.46845425867507884 0.1019786910197869 0.21766561514195584
2 0.1267123287671233 0.6798107255520505 0.06925418569254185 0.24921135646687698
2 0.11301369863013698 0.33517350157728704 0.04946727549467275 0.11514195583596214
2 0.14687975646879756 0.33517350157728704 0.0502283105022831 0.1309148264984227
0 0.42884322678843223 0.2586750788643533 0.08143074581430745 0.050473186119873815
