2 0.5326834862385321 0.3057184750733138 0.09747706422018348 0.13929618768328444
2 0.3314220183486239 0.23093841642228738 0.23623853211009177 0.12756598240469208
2 0.2981651376146789 0.8262463343108505 0.12844036697247707 0.0747800586510264
2 0.20642201834862386 0.17668621700879766 0.10321100917431193 0.1158357771260997
2 0.294151376146789 0.22140762463343108 0.09977064220183487 0.11436950146627566
2 0.39105504587155965 0.26173020527859236 0.06192660550458716 0.10410557184750734
2 0.4747706422018349 0.7236070381231672 0.20871559633027525 0.37390029325513197
2 0.26490825688073394 0.3064516129032258 0.08027522935779817 0.03812316715542522
4 0.6685779816513762 0.3460410557184751 0.13302752293577982 0.11143695014662756
5 0.7912844036697249 0.3651026392961877 0.16055045871559634 0.36950146627565983
