2 0.882262996941896 0.19321766561514195 0.07339449541284404 0.12145110410094637
2 0.9067278287461774 0.1443217665615142 0.0856269113149847 0.10883280757097792
2 0.7943425076452599 0.2113564668769716 0.09327217125382263 0.0946372239747634
6 0.19877675840978593 0.4274447949526814 0.3761467889908257 0.2807570977917981
6 0.7859327217125383 0.04889589905362776 0.27217125382262997 0.0914826498422713
4 0.18501529051987767 0.919558359621451 0.27217125382262997 0.15772870662460567
7 0.023700305810397553 0.7689274447949527 0.04128440366972477 0.14984227129337538
5 0.5527522935779816 0.1774447949526814 0.19418960244648317 0.35173501577287064
5 0.1659021406727829 0.277602523659306 0.3073394495412844 0.29337539432176657
2 0.9808868501529052 0.1451104100946372 0.0382262996941896 0.138801261829653
