3 0.04296875 0.7311946902654867 0.0703125 0.18805309734513273
3 0.182421875 0.4634955752212389 0.12109375 0.1747787610619469
3 0.56015625 0.1709070796460177 0.10312500000000001 0.22234513274336282
2 0.7640625000000001 0.6814159292035398 0.078125 0.1327433628318584
2 0.09453125000000001 0.9363938053097345 0.037500000000000006 0.04092920353982301
2 0.06953125 0.9198008849557522 0.037500000000000006 0.04314159292035398
2 0.099609375 0.9087389380530974 0.039843750000000004 0.051991150442477874
2 0.07421875 0.9657079646017699 0.040625 0.03982300884955752
7 0.64375 0.8368362831858407 0.029687500000000002 0.08738938053097345
5 0.09335937500000001 0.7394911504424778 0.14453125 0.25110619469026546
