4 0.8474784747847479 0.5128755364806867 0.10086100861008611 0.1759656652360515
7 0.896678966789668 0.2092274678111588 0.07380073800738007 0.10515021459227468
7 0.8751537515375154 0.18669527896995708 0.08487084870848709 0.1072961373390558
7 0.6463714637146372 0.630901287553648 0.033210332103321034 0.2017167381974249
7 0.897908979089791 0.6534334763948498 0.03690036900369004 0.19957081545064378
7 0.8751537515375154 0.6652360515021459 0.03075030750307503 0.18454935622317598
7 0.6758917589175892 0.6319742489270386 0.03813038130381304 0.22103004291845493
7 0.8093480934809348 0.8658798283261803 0.1033210332103321 0.06223175965665236
3 0.482779827798278 0.463519313304721 0.2939729397293973 0.40772532188841204
3 0.905289052890529 0.5085836909871244 0.10824108241082411 0.5407725321888412
6 0.1949569495694957 0.47639484978540775 0.12915129151291513 0.49356223175965663
7 0.7041820418204182 0.49141630901287553 0.11439114391143912 0.06866952789699571
7 0.7749077490774908 0.8412017167381974 0.0959409594095941 0.055793991416309016
7 0.6795817958179582 0.5160944206008584 0.07011070110701108 0.16952789699570817
