0 0.5104417670682732 0.1814621409921671 0.03614457831325301 0.10966057441253264
3 0.763855421686747 0.8577023498694517 0.1606425702811245 0.27154046997389036
2 0.05823293172690763 0.3616187989556136 0.10843373493975904 0.13054830287206268
2 0.6855421686746989 0.09203655352480418 0.06345381526104418 0.0587467362924282
2 0.6417670682730924 0.23302872062663185 0.07228915662650602 0.24934725848563968
2 0.8168674698795181 0.8139686684073107 0.07550200803212852 0.17362924281984335
2 0.7068273092369478 0.5939947780678851 0.030522088353413655 0.1462140992167102
4 0.8289156626506025 0.7826370757180157 0.10763052208835341 0.23629242819843344
7 0.9048192771084338 0.4934725848563969 0.03453815261044177 0.1566579634464752
7 0.18313253012048195 0.19190600522193213 0.06265060240963856 0.0731070496083551
7 0.88714859437751 0.5900783289817233 0.07791164658634539 0.03655352480417755
5 0.1811244979919679 0.2454308093994778 0.1887550200803213 0.16971279373368148
5 0.3634538152610442 0.09595300261096606 0.04738955823293173 0.14751958224543082
2 0.1670682730923695 0.6155352480417755 0.033734939759036145 0.19712793733681463
3 0.7839357429718876 0.8511749347258486 0.12048192771084337 0.28720626631853785
