7 0.5054017555705604 0.24869451697127937 0.04929101958136395 0.1422976501305483
2 0.8899392302498312 0.3413838120104439 0.06482106684672519 0.19190600522193213
2 0.8642808912896692 0.1279373368146214 0.03511141120864281 0.07571801566579635
2 0.2673869007427414 0.9184073107049608 0.06482106684672519 0.15535248041775457
7 0.8727211343686698 0.2584856396866841 0.03308575286968265 0.11488250652741515
2 0.8828494260634707 0.42232375979112274 0.06549628629304524 0.19712793733681463
2 0.9132343011478731 0.08485639686684074 0.043889264010803515 0.028720626631853787
2 0.3335584064821067 0.9334203655352481 0.06212018906144497 0.1227154046997389
2 0.37035786630654965 0.8531331592689295 0.06549628629304524 0.18929503916449086
2 0.6688048615800135 0.5430809399477807 0.11006076975016882 0.2689295039164491
7 0.8457123565158677 0.34986945169712796 0.03578663065496287 0.11488250652741515
2 0.860904794058069 0.45822454308093996 0.06347062795408508 0.1174934725848564
