3 0.4913990825688074 0.7939024390243903 0.10894495412844038 0.25853658536585367
3 0.6972477064220184 0.9292682926829269 0.24311926605504589 0.08536585365853659
2 0.05504587155963303 0.41036585365853656 0.10550458715596331 0.3597560975609756
2 0.8354357798165138 0.5914634146341463 0.04243119266055046 0.03414634146341464
6 0.44552752293577985 0.2097560975609756 0.24426605504587157 0.4195121951219512
4 0.6806192660550459 0.8256097560975609 0.15711009174311927 0.17073170731707318
7 0.13761467889908258 0.8347560975609756 0.05045871559633028 0.11097560975609756
7 0.12155963302752294 0.8353658536585366 0.03211009174311927 0.1073170731707317
5 0.9065366972477065 0.8256097560975609 0.11353211009174313 0.3024390243902439
5 0.7477064220183487 0.24939024390243902 0.10091743119266056 0.3280487804878049
