3 0.6106833493743985 0.1756578947368421 0.2107795957651588 0.12763157894736843
3 0.5760346487006738 0.20986842105263157 0.16265640038498558 0.2513157894736842
3 0.46005774783445624 0.1368421052631579 0.11934552454282965 0.19736842105263158
3 0.3970163618864293 0.3907894736842105 0.23580365736284892 0.2710526315789474
3 0.38306063522617906 0.3144736842105263 0.23484119345524543 0.16052631578947368
3 0.16746871992300288 0.3131578947368421 0.16746871992300288 0.28157894736842104
3 0.3310875842155919 0.3480263157894737 0.22906641000962466 0.11973684210526316
3 0.34648700673724736 0.3986842105263158 0.25601539942252166 0.18421052631578946
2 0.32868142444658327 0.6782894736842106 0.12223291626564005 0.3592105263157895
2 0.411934552454283 0.8401315789473685 0.09239653512993264 0.1013157894736842
2 0.5086621751684313 0.8480263157894736 0.05293551491819057 0.07763157894736841
5 0.8628488931665063 0.42565789473684207 0.2550529355149182 0.21447368421052632
5 0.836381135707411 0.38421052631578945 0.3156881616939365 0.2657894736842105
