3 0.7849264705882353 0.7938311688311689 0.1860294117647059 0.29870129870129875
3 0.3363970588235294 0.30113636363636365 0.14191176470588235 0.17370129870129872
4 0.15992647058823528 0.08116883116883117 0.13897058823529412 0.15259740259740262
4 0.6639705882352941 0.450487012987013 0.10294117647058823 0.28733766233766234
3 0.20955882352941177 0.6217532467532468 0.1323529411764706 0.29545454545454547
5 0.9150735294117647 0.35064935064935066 0.09044117647058823 0.35714285714285715
3 0.1264705882352941 0.33766233766233766 0.13088235294117648 0.275974025974026
3 0.22573529411764706 0.10633116883116883 0.1764705882352941 0.16396103896103897
3 0.2775735294117647 0.5698051948051949 0.1698529411764706 0.3863636363636364
3 0.29044117647058826 0.43993506493506496 0.1838235294117647 0.2337662337662338
3 0.12830882352941175 0.21753246753246755 0.15661764705882353 0.29220779220779225
