3 0.6702488687782806 0.6585227272727272 0.22963800904977377 0.10340909090909091
2 0.26696832579185525 0.6460227272727272 0.08597285067873305 0.08295454545454545
2 0.3964932126696833 0.5971590909090909 0.17081447963800905 0.11704545454545454
2 0.46097285067873306 0.56875 0.037330316742081454 0.05795454545454545
6 0.6295248868778281 0.11818181818181818 0.29977375565610864 0.09999999999999999
6 0.7138009049773756 0.7301136363636364 0.1742081447963801 0.25795454545454544
6 0.5418552036199096 0.16874999999999998 0.14253393665158373 0.11022727272727272
6 0.70079185520362 0.8142045454545455 0.15497737556561086 0.15568181818181817
4 0.15554298642533937 0.5380681818181818 0.1323529411764706 0.0715909090909091
5 0.6906108597285069 0.39545454545454545 0.2658371040723982 0.19999999999999998
5 0.7228506787330318 0.5119318181818182 0.2647058823529412 0.19886363636363635
0 0.09445701357466064 0.6772727272727272 0.10972850678733033 0.04772727272727272
