3 0.6754596322941646 0.7722371967654987 0.1518784972022382 0.1266846361185984
2 0.15467625899280577 0.1940700808625337 0.04876099120703437 0.09164420485175202
2 0.7366107114308553 0.9218328840970351 0.1366906474820144 0.11320754716981132
2 0.033972821742605915 0.963611859838275 0.05675459632294164 0.0646900269541779
2 0.2797761790567546 0.1940700808625337 0.03677058353317346 0.02964959568733154
2 0.41686650679456433 0.17722371967654987 0.037569944044764186 0.02830188679245283
2 0.19024780175859313 0.2473045822102426 0.04156674660271782 0.030997304582210245
2 0.2390087929656275 0.20080862533692723 0.035171862509992005 0.026954177897574125
6 0.5731414868105515 0.7628032345013478 0.08952837729816147 0.4285714285714286
4 0.8177458033573142 0.8146900269541779 0.0847322142286171 0.20080862533692723
4 0.5847322142286171 0.7924528301886793 0.08713029576338929 0.1752021563342318
