3 0.4170124481327801 0.9064960629921259 0.6224066390041494 0.1515748031496063
3 0.6836099585062241 0.3425196850393701 0.18464730290456433 0.46062992125984253
3 0.5809128630705395 0.5029527559055118 0.15767634854771784 0.5059055118110236
3 0.23651452282157676 0.3395669291338583 0.17012448132780084 0.5846456692913385
3 0.3599585062240664 0.2982283464566929 0.16804979253112035 0.5531496062992126
2 0.10580912863070539 0.8080708661417323 0.14937759336099585 0.1437007874015748
4 0.1887966804979253 0.35039370078740156 0.23236514522821577 0.27165354330708663
7 0.8153526970954357 0.2933070866141732 0.08298755186721991 0.19291338582677164
7 0.6784232365145229 0.8218503937007874 0.14107883817427386 0.1515748031496063
5 0.06431535269709543 0.5639763779527559 0.12033195020746888 0.5098425196850394
3 0.1566390041493776 0.35334645669291337 0.15975103734439833 0.5728346456692913
3 0.5093360995850622 0.3051181102362205 0.21369294605809128 0.562992125984252
3 0.48132780082987553 0.7716535433070866 0.5435684647302904 0.1732283464566929
