1 0.83359375 0.18320312500000002 0.240625 0.30859375
0 0.611328125 0.03515625 0.022656250000000003 0.025
0 0.50234375 0.453125 0.028125 0.015625
2 0.42734375 0.66796875 0.015625 0.035937500000000004
2 0.7253906250000001 0.6097656250000001 0.01953125 0.01171875
0 0.41445312500000003 0.45937500000000003 0.01171875 0.0140625
0 0.19375 0.357421875 0.0140625 0.02109375
0 0.31679687500000003 0.466796875 0.030468750000000003 0.01015625
0 0.19648437500000002 0.45937500000000003 0.01953125 0.0328125
0 0.24570312500000002 0.47109375000000003 0.04296875 0.015625
2 0.731640625 0.99140625 0.017968750000000002 0.0171875
