1 0.07695312500000001 0.9144531250000001 0.15390625000000002 0.17109375000000002
2 0.5476562500000001 0.370703125 0.0546875 0.05390625
2 0.8046875 0.314453125 0.025 0.02734375
2 0.6796875 0.30078125 0.026562500000000003 0.0171875
2 0.8453125 0.384765625 0.043750000000000004 0.041406250000000006
2 0.7957031250000001 0.44648437500000004 0.02109375 0.013281250000000001
2 0.8011718750000001 0.6527343750000001 0.02421875 0.04453125
2 0.76953125 0.6898437500000001 0.028125 0.0234375
2 0.64375 0.5574218750000001 0.035937500000000004 0.02890625
2 0.9730468750000001 0.63828125 0.02421875 0.026562500000000003
2 0.812109375 0.8285156250000001 0.02109375 0.01953125
2 0.8035156250000001 0.761328125 0.04296875 0.030468750000000003
2 0.765625 0.9921875 0.018750000000000003 0.015625
