0 0.051171875000000006 0.6796875 0.02890625 0.035937500000000004
0 0.35273437500000004 0.8070312500000001 0.049218750000000006 0.026562500000000003
0 0.35078125000000004 0.85078125 0.045312500000000006 0.0140625
1 0.7640625000000001 0.88203125 0.09843750000000001 0.10625000000000001
1 0.917578125 0.7800781250000001 0.032031250000000004 0.06171875
1 0.7332031250000001 0.40351562500000004 0.09296875 0.30546875
0 0.44960937500000003 0.31640625 0.02421875 0.025
2 0.55859375 0.658203125 0.035937500000000004 0.039843750000000004
0 0.6980468750000001 0.75546875 0.030468750000000003 0.05625
0 0.974609375 0.7019531250000001 0.05078125 0.06015625
2 0.478515625 0.9484375 0.049218750000000006 0.043750000000000004
