1 0.048046875 0.22031250000000002 0.09609375 0.21875
2 0.004687500000000001 0.8167968750000001 0.009375000000000001 0.02109375
2 0.261328125 0.366796875 0.02890625 0.05234375
2 0.23554687500000002 0.8148437500000001 0.02890625 0.025
2 0.6023437500000001 0.259375 0.06406250000000001 0.1046875
0 0.503515625 0.41171875 0.02109375 0.035937500000000004
0 0.452734375 0.265625 0.049218750000000006 0.065625
0 0.5515625000000001 0.38398437500000004 0.043750000000000004 0.032031250000000004
0 0.630078125 0.384375 0.022656250000000003 0.028125
0 0.37226562500000004 0.46718750000000003 0.02890625 0.035937500000000004
0 0.6468750000000001 0.48203125 0.0484375 0.035937500000000004
2 0.6707031250000001 0.5320312500000001 0.03828125 0.028125
0 0.398046875 0.307421875 0.039843750000000004 0.05234375
2 0.876953125 0.680859375 0.02109375 0.03828125
2 0.888671875 0.7878906250000001 0.022656250000000003 0.022656250000000003
2 0.76328125 0.312109375 0.015625 0.02421875
2 0.8519531250000001 0.923046875 0.02734375 0.049218750000000006
