1 0.67109375 0.59140625 0.3921875 0.5359375000000001
2 0.519921875 0.14765625000000002 0.02890625 0.043750000000000004
2 0.570703125 0.302734375 0.030468750000000003 0.032031250000000004
0 0.137109375 0.29921875000000003 0.032031250000000004 0.025
2 0.187890625 0.89609375 0.041406250000000006 0.035937500000000004
0 0.030078125 0.6882812500000001 0.02890625 0.0234375
2 0.28046875 0.12734375 0.0234375 0.065625
2 0.995703125 0.232421875 0.00859375 0.032031250000000004
1 0.46328125000000003 0.6742187500000001 0.018750000000000003 0.13593750000000002
0 0.915234375 0.7742187500000001 0.02890625 0.021875000000000002
