2 0.21054687500000002 0.232421875 0.03828125 0.032031250000000004
0 0.115234375 0.7742187500000001 0.02890625 0.021875000000000002
0 0.58828125 0.7507812500000001 0.026562500000000003 0.045312500000000006
2 0.64453125 0.4296875 0.08750000000000001 0.09531250000000001
2 0.55859375 0.478515625 0.0234375 0.030468750000000003
2 0.581640625 0.552734375 0.01015625 0.02734375
2 0.6078125000000001 0.513671875 0.0140625 0.01953125
2 0.5789062500000001 0.654296875 0.015625 0.01953125
2 0.8500000000000001 0.18828125 0.0171875 0.026562500000000003
2 0.981640625 0.13046875 0.03671875 0.028125
