0 0.5886718750000001 0.8921875 0.03359375 0.025
0 0.73828125 0.899609375 0.034375 0.02109375
2 0.3484375 0.7015625000000001 0.015625 0.0171875
2 0.487109375 0.633984375 0.030468750000000003 0.030468750000000003
2 0.47500000000000003 0.11093750000000001 0.028125 0.06406250000000001
2 0.689453125 0.09062500000000001 0.01015625 0.015625
2 0.7640625000000001 0.20078125000000002 0.026562500000000003 0.046875
2 0.30117187500000003 0.09062500000000001 0.02890625 0.018750000000000003
2 0.05 0.18828125 0.0171875 0.026562500000000003
2 0.19492187500000002 0.13046875 0.06328125 0.028125
0 0.35546875 0.07890625000000001 0.015625 0.0234375
0 0.53046875 0.19609375 0.028125 0.028125
0 0.6976562500000001 0.3671875 0.0125 0.018750000000000003
0 0.44375000000000003 0.45429687500000004 0.0171875 0.030468750000000003
