2 0.043359375000000006 0.6296875000000001 0.022656250000000003 0.026562500000000003
2 0.386328125 0.6781250000000001 0.039843750000000004 0.0484375
2 0.673828125 0.7781250000000001 0.022656250000000003 0.026562500000000003
2 0.5066406250000001 0.6734375 0.02109375 0.028125
2 0.47500000000000003 0.9109375000000001 0.028125 0.06406250000000001
2 0.689453125 0.890625 0.01015625 0.015625
2 0.7640625000000001 0.9886718750000001 0.026562500000000003 0.022656250000000003
2 0.30117187500000003 0.890625 0.02890625 0.018750000000000003
2 0.05 0.9875 0.0171875 0.025
2 0.19492187500000002 0.9304687500000001 0.06328125 0.028125
0 0.35546875 0.87890625 0.015625 0.0234375
0 0.53046875 0.9910156250000001 0.028125 0.017968750000000002
