0 0.012109375 0.891796875 0.02109375 0.032031250000000004
2 0.653515625 0.32148437500000004 0.014843750000000001 0.01953125
0 0.84765625 0.40078125000000003 0.015625 0.018750000000000003
0 0.726171875 0.3453125 0.02109375 0.026562500000000003
0 0.531640625 0.5375 0.01953125 0.026562500000000003
0 0.861328125 0.6742187500000001 0.013281250000000001 0.026562500000000003
0 0.7253906250000001 0.898046875 0.022656250000000003 0.022656250000000003
0 0.876953125 0.6937500000000001 0.030468750000000003 0.0171875
0 0.50546875 0.89609375 0.034375 0.026562500000000003
0 0.690625 0.917578125 0.026562500000000003 0.02109375
