0 0.05234375 0.6707031250000001 0.035937500000000004 0.030468750000000003
0 0.012109375 0.091796875 0.02109375 0.032031250000000004
0 0.884765625 0.9789062500000001 0.022656250000000003 0.0171875
0 0.9546875 0.87265625 0.037500000000000006 0.034375
0 0.9546875 0.9695312500000001 0.015625 0.025
0 0.7699218750000001 0.9378906250000001 0.022656250000000003 0.01015625
0 0.7253906250000001 0.098046875 0.022656250000000003 0.022656250000000003
0 0.50546875 0.09609375 0.034375 0.026562500000000003
0 0.690625 0.117578125 0.026562500000000003 0.02109375
1 0.8050781250000001 0.39921875 0.18203125 0.17500000000000002
