0 0.018359375 0.27968750000000003 0.030468750000000003 0.037500000000000006
0 0.08476562500000001 0.17890625000000002 0.022656250000000003 0.0171875
0 0.312109375 0.216796875 0.01953125 0.03359375
0 0.35234375 0.21875 0.026562500000000003 0.015625
0 0.5144531250000001 0.18320312500000002 0.02109375 0.022656250000000003
0 0.48828125 0.46992187500000004 0.035937500000000004 0.04453125
0 0.30898437500000003 0.041015625 0.032031250000000004 0.022656250000000003
0 0.1546875 0.07265625 0.037500000000000006 0.034375
0 0.1546875 0.16953125000000002 0.015625 0.025
0 0.12265625000000001 0.216796875 0.0171875 0.01171875
2 0.7796875000000001 0.27578125000000003 0.0234375 0.034375
