2 0.70078125 0.25859375 0.015625 0.029687500000000002
2 0.833984375 0.23359375000000002 0.030468750000000003 0.0140625
2 0.7699218750000001 0.33828125000000003 0.02109375 0.037500000000000006
2 0.783203125 0.255859375 0.02890625 0.02109375
2 0.7109375 0.15976562500000002 0.0171875 0.017968750000000002
2 0.11953125 0.19375 0.028125 0.0234375
2 0.505078125 0.4109375 0.030468750000000003 0.025
2 0.256640625 0.69296875 0.039843750000000004 0.096875
2 0.09062500000000001 0.6375000000000001 0.015625 0.0234375
2 0.269140625 0.57734375 0.04296875 0.025
2 0.865234375 0.427734375 0.041406250000000006 0.04296875
2 0.659375 0.295703125 0.035937500000000004 0.01953125
2 0.8968750000000001 0.2234375 0.018750000000000003 0.0125
2 0.87109375 0.275390625 0.018750000000000003 0.022656250000000003
2 0.913671875 0.130859375 0.03359375 0.030468750000000003
2 0.9281250000000001 0.8230468750000001 0.026562500000000003 0.039843750000000004
2 0.712109375 0.534765625 0.022656250000000003 0.013281250000000001
2 0.974609375 0.56484375 0.05078125 0.053125000000000006
