2 0.70078125 0.01171875 0.015625 0.0234375
2 0.7699218750000001 0.08828125 0.02109375 0.037500000000000006
2 0.783203125 0.008203125 0.02890625 0.01640625
2 0.505078125 0.1609375 0.030468750000000003 0.025
2 0.256640625 0.44296875 0.039843750000000004 0.096875
2 0.09062500000000001 0.3875 0.015625 0.0234375
2 0.269140625 0.32734375000000004 0.04296875 0.025
2 0.865234375 0.177734375 0.041406250000000006 0.04296875
2 0.659375 0.045703125000000004 0.035937500000000004 0.01953125
2 0.87109375 0.025390625 0.018750000000000003 0.022656250000000003
2 0.9281250000000001 0.5730468750000001 0.026562500000000003 0.039843750000000004
2 0.712109375 0.284765625 0.022656250000000003 0.013281250000000001
2 0.974609375 0.31484375000000003 0.05078125 0.053125000000000006
