1 0.40351562500000004 0.591796875 0.20390625 0.36796875
1 0.757421875 0.46796875000000004 0.12421875 0.16562500000000002
0 0.46171875 0.16875 0.035937500000000004 0.00625
0 0.641796875 0.17578125 0.030468750000000003 0.025
0 0.6843750000000001 0.16132812500000002 0.026562500000000003 0.032031250000000004
2 0.7109375 0.9597656250000001 0.0171875 0.017968750000000002
2 0.005859375 0.7296875 0.01171875 0.026562500000000003
2 0.11953125 0.9910156250000001 0.028125 0.017968750000000002
2 0.26640625 0.77109375 0.037500000000000006 0.046875
2 0.913671875 0.930859375 0.03359375 0.030468750000000003
