2 0.033984375000000004 0.23359375000000002 0.030468750000000003 0.0140625
2 0.065234375 0.427734375 0.041406250000000006 0.04296875
2 0.096875 0.2234375 0.018750000000000003 0.0125
2 0.07109375 0.275390625 0.018750000000000003 0.022656250000000003
2 0.113671875 0.130859375 0.03359375 0.030468750000000003
2 0.12812500000000002 0.8230468750000001 0.026562500000000003 0.039843750000000004
2 0.18281250000000002 0.56484375 0.0671875 0.053125000000000006
2 0.26484375 0.279296875 0.025 0.032031250000000004
2 0.306640625 0.27382812500000003 0.022656250000000003 0.032031250000000004
2 0.28125 0.34296875000000004 0.0546875 0.0234375
2 0.4625 0.246875 0.035937500000000004 0.0078125
2 0.43125 0.534375 0.025 0.0328125
2 0.21210937500000002 0.02109375 0.02734375 0.015625
2 0.25820312500000003 0.09140625000000001 0.030468750000000003 0.026562500000000003
