0 0.033984375000000004 0.2828125 0.02421875 0.0390625
0 0.176171875 0.377734375 0.013281250000000001 0.030468750000000003
2 0.0054687500000000005 0.42500000000000004 0.010937500000000001 0.028125
2 0.01015625 0.5828125000000001 0.0203125 0.026562500000000003
2 0.023828125000000002 0.7429687500000001 0.022656250000000003 0.028125
2 0.0625 0.826171875 0.037500000000000006 0.05390625
2 0.22226562500000002 0.319140625 0.04453125 0.02421875
2 0.41640625000000003 0.5964843750000001 0.037500000000000006 0.039843750000000004
2 0.272265625 0.68515625 0.03359375 0.0390625
0 0.3515625 0.86640625 0.015625 0.025
0 0.09921875000000001 0.612890625 0.025 0.02890625
0 0.26484375 0.9050781250000001 0.026562500000000003 0.047656250000000004
2 0.732421875 0.8679687500000001 0.01953125 0.046875
2 0.706640625 0.6433593750000001 0.022656250000000003 0.049218750000000006
