0 0.538671875 0.195703125 0.041406250000000006 0.03359375
2 0.23671875 0.65625 0.10625000000000001 0.037500000000000006
2 0.7015625000000001 0.6644531250000001 0.078125 0.032031250000000004
2 0.704296875 0.529296875 0.02890625 0.017968750000000002
2 0.346484375 0.6984375 0.022656250000000003 0.026562500000000003
2 0.883984375 0.27421875 0.022656250000000003 0.178125
2 0.9246093750000001 0.32656250000000003 0.07109375 0.0546875
2 0.846875 0.0234375 0.034375 0.046875
2 0.9906250000000001 0.36015625 0.018750000000000003 0.0171875
2 0.9296875 0.790625 0.140625 0.10312500000000001
2 0.74609375 0.7250000000000001 0.025 0.037500000000000006
2 0.9128906250000001 0.6648437500000001 0.02109375 0.035937500000000004
2 0.8191406250000001 0.798046875 0.030468750000000003 0.047656250000000004
