2 0.029296875 0.40937500000000004 0.05859375 0.0234375
2 0.13789062500000002 0.3484375 0.030468750000000003 0.0234375
2 0.548046875 0.314453125 0.05234375 0.10234375000000001
2 0.419921875 0.43789062500000003 0.02109375 0.032031250000000004
2 0.263671875 0.31679687500000003 0.022656250000000003 0.03359375
2 0.587890625 0.830078125 0.02890625 0.039843750000000004
2 0.531640625 0.76875 0.049218750000000006 0.043750000000000004
2 0.26171875 0.9460937500000001 0.05625 0.0765625
2 0.0027343750000000003 0.765234375 0.0054687500000000005 0.02421875
2 0.67734375 0.89609375 0.037500000000000006 0.035937500000000004
2 0.648046875 0.31875000000000003 0.030468750000000003 0.045312500000000006
2 0.119140625 0.276171875 0.030468750000000003 0.01953125
2 0.77734375 0.9750000000000001 0.029687500000000002 0.0484375
2 0.744140625 0.78671875 0.030468750000000003 0.026562500000000003
0 0.89765625 0.9625 0.0171875 0.026562500000000003
0 0.976171875 0.964453125 0.022656250000000003 0.03359375
2 0.8984375 0.38789062500000004 0.05625 0.05234375
