2 0.23671875 0.40625 0.10625000000000001 0.037500000000000006
2 0.7015625000000001 0.41445312500000003 0.078125 0.032031250000000004
2 0.704296875 0.279296875 0.02890625 0.017968750000000002
2 0.346484375 0.44843750000000004 0.022656250000000003 0.026562500000000003
2 0.883984375 0.056640625 0.022656250000000003 0.11328125
2 0.9246093750000001 0.0765625 0.07109375 0.0546875
2 0.9906250000000001 0.11015625000000001 0.018750000000000003 0.0171875
2 0.9296875 0.540625 0.140625 0.10312500000000001
2 0.74609375 0.47500000000000003 0.025 0.037500000000000006
2 0.9128906250000001 0.41484375 0.02109375 0.035937500000000004
2 0.8191406250000001 0.548046875 0.030468750000000003 0.047656250000000004
