2 0.29726562500000003 0.931640625 0.04296875 0.07421875
2 0.6003906250000001 0.77890625 0.039843750000000004 0.0765625
2 0.046875 0.821484375 0.034375 0.05078125
0 0.09765625 0.1625 0.0171875 0.026562500000000003
2 0.37617187500000004 0.22734375 0.07890625000000001 0.045312500000000006
0 0.176171875 0.164453125 0.022656250000000003 0.03359375
2 0.34921875 0.300390625 0.084375 0.039843750000000004
0 0.6671875 0.229296875 0.0171875 0.01953125
0 0.6062500000000001 0.22382812500000002 0.025 0.05234375
2 0.92734375 0.894140625 0.09531250000000001 0.04453125
