2 0.083984375 0.056640625 0.022656250000000003 0.11328125
2 0.12460937500000001 0.0765625 0.07109375 0.0546875
2 0.52265625 0.12460937500000001 0.035937500000000004 0.06171875
2 0.220703125 0.36484375 0.04453125 0.035937500000000004
2 0.26484375 0.328125 0.026562500000000003 0.035937500000000004
2 0.19375 0.11015625000000001 0.025 0.0171875
2 0.1421875 0.540625 0.16562500000000002 0.10312500000000001
2 0.11289062500000001 0.41484375 0.02109375 0.035937500000000004
2 0.019140625 0.548046875 0.030468750000000003 0.047656250000000004
2 0.825390625 0.1203125 0.05078125 0.043750000000000004
