2 0.083984375 0.27421875 0.022656250000000003 0.178125
2 0.12460937500000001 0.32656250000000003 0.07109375 0.0546875
2 0.29726562500000003 0.131640625 0.04296875 0.07421875
2 0.6003906250000001 0.00859375 0.039843750000000004 0.0171875
2 0.52265625 0.374609375 0.035937500000000004 0.06171875
2 0.220703125 0.61484375 0.04453125 0.035937500000000004
2 0.26484375 0.578125 0.026562500000000003 0.035937500000000004
2 0.046875 0.0234375 0.034375 0.046875
2 0.19375 0.36015625 0.025 0.0171875
2 0.1421875 0.790625 0.16562500000000002 0.10312500000000001
2 0.11289062500000001 0.6648437500000001 0.02109375 0.035937500000000004
2 0.019140625 0.798046875 0.030468750000000003 0.047656250000000004
2 0.92734375 0.094140625 0.09531250000000001 0.04453125
2 0.825390625 0.37031250000000004 0.05078125 0.043750000000000004
