1 0.290625 0.5906250000000001 0.2109375 0.109375
0 0.1640625 0.5945312500000001 0.084375 0.0546875
2 0.7992187500000001 0.3640625 0.0859375 0.0890625
2 0.5140625 0.609375 0.045312500000000006 0.065625
2 0.42812500000000003 0.40742187500000004 0.065625 0.06171875
0 0.677734375 0.5417968750000001 0.02890625 0.030468750000000003
2 0.408984375 0.921484375 0.09296875 0.09921875000000001
2 0.974609375 0.7996093750000001 0.022656250000000003 0.02890625
2 0.9328125 0.8390625 0.043750000000000004 0.034375
0 0.83515625 0.8816406250000001 0.028125 0.030468750000000003
2 0.7195312500000001 0.12109375 0.0234375 0.046875
0 0.8968750000000001 0.23125 0.034375 0.05625
0 0.971875 0.234765625 0.028125 0.03828125
0 0.5808593750000001 0.087890625 0.041406250000000006 0.039843750000000004
2 0.524609375 0.028515625000000003 0.05078125 0.039843750000000004
