2 0.408984375 0.121484375 0.09296875 0.09921875000000001
2 0.974609375 0.00703125 0.022656250000000003 0.0140625
2 0.9328125 0.0390625 0.043750000000000004 0.034375
0 0.83515625 0.08164062500000001 0.028125 0.030468750000000003
2 0.8617187500000001 0.319140625 0.026562500000000003 0.15390625000000002
2 0.8988281250000001 0.38320312500000003 0.06328125 0.041406250000000006
2 0.51171875 0.25078125 0.035937500000000004 0.028125
0 0.950390625 0.4609375 0.03359375 0.026562500000000003
2 0.9953125 0.6667968750000001 0.009375000000000001 0.039843750000000004
2 0.655859375 0.716015625 0.08046875 0.05234375
2 0.9320312500000001 0.6859375000000001 0.034375 0.045312500000000006
2 0.8812500000000001 0.8285156250000001 0.0390625 0.030468750000000003
2 0.187890625 0.708203125 0.04296875 0.022656250000000003
