2 0.174609375 0.00703125 0.022656250000000003 0.0140625
2 0.1328125 0.0390625 0.043750000000000004 0.034375
0 0.03515625 0.08164062500000001 0.028125 0.030468750000000003
2 0.06171875 0.319140625 0.026562500000000003 0.15390625000000002
2 0.098828125 0.38320312500000003 0.06328125 0.041406250000000006
0 0.150390625 0.4609375 0.03359375 0.026562500000000003
2 0.2828125 0.197265625 0.028125 0.06484375
2 0.203125 0.6667968750000001 0.025 0.039843750000000004
2 0.13203125000000002 0.6859375000000001 0.034375 0.045312500000000006
2 0.08125 0.8285156250000001 0.0390625 0.030468750000000003
2 0.591796875 0.03515625 0.041406250000000006 0.05625
2 0.8949218750000001 0.191796875 0.041406250000000006 0.06171875
2 0.71015625 0.19257812500000002 0.034375 0.06015625
2 0.648046875 0.1453125 0.02890625 0.035937500000000004
2 0.48828125 0.446875 0.0484375 0.07968750000000001
2 0.7976562500000001 0.43125 0.028125 0.026562500000000003
2 0.296875 0.771484375 0.043750000000000004 0.041406250000000006
2 0.24335937500000002 0.6371093750000001 0.013281250000000001 0.02890625
