2 0.02109375 0.3640625 0.0421875 0.0890625
2 0.174609375 0.7996093750000001 0.022656250000000003 0.02890625
2 0.1328125 0.8390625 0.043750000000000004 0.034375
0 0.03515625 0.8816406250000001 0.028125 0.030468750000000003
2 0.2828125 0.982421875 0.028125 0.03515625
0 0.096875 0.23125 0.034375 0.05625
0 0.171875 0.234765625 0.028125 0.03828125
2 0.5390625 0.036328125 0.19843750000000002 0.07265625
2 0.384375 0.2828125 0.0859375 0.059375000000000004
2 0.34492187500000004 0.35390625000000003 0.06171875 0.06875
0 0.65390625 0.29140625000000003 0.035937500000000004 0.025
0 0.60546875 0.294140625 0.0390625 0.05234375
2 0.591796875 0.83515625 0.041406250000000006 0.05625
2 0.288671875 0.673046875 0.041406250000000006 0.049218750000000006
2 0.851171875 0.748046875 0.039843750000000004 0.06171875
2 0.8949218750000001 0.98046875 0.041406250000000006 0.0390625
2 0.71015625 0.9812500000000001 0.034375 0.037500000000000006
2 0.648046875 0.9453125 0.02890625 0.035937500000000004
