2 0.06171875 0.073046875 0.026562500000000003 0.14609375
2 0.098828125 0.133203125 0.06328125 0.041406250000000006
0 0.150390625 0.2109375 0.03359375 0.026562500000000003
2 0.203125 0.416796875 0.025 0.039843750000000004
2 0.13203125000000002 0.43593750000000003 0.034375 0.045312500000000006
2 0.08125 0.578515625 0.0390625 0.030468750000000003
2 0.48828125 0.19687500000000002 0.0484375 0.07968750000000001
2 0.7976562500000001 0.18125000000000002 0.028125 0.026562500000000003
2 0.296875 0.521484375 0.043750000000000004 0.041406250000000006
2 0.24335937500000002 0.38710937500000003 0.013281250000000001 0.02890625
