2 0.548046875 0.29140625000000003 0.032031250000000004 0.029687500000000002
2 0.50625 0.319921875 0.018750000000000003 0.02890625
2 0.31015625 0.41875 0.015625 0.037500000000000006
2 0.6042968750000001 0.443359375 0.01953125 0.030468750000000003
2 0.701171875 0.315234375 0.04296875 0.10078125
2 0.382421875 0.280078125 0.041406250000000006 0.05234375
2 0.45625000000000004 0.39492187500000003 0.037500000000000006 0.05234375
2 0.465625 0.232421875 0.015625 0.03828125
2 0.160546875 0.934765625 0.041406250000000006 0.030468750000000003
2 0.548828125 0.609375 0.022656250000000003 0.0421875
2 0.312109375 0.7601562500000001 0.030468750000000003 0.025
0 0.55078125 0.809765625 0.034375 0.039843750000000004
