2 0.55234375 0.29531250000000003 0.034375 0.046875
2 0.7125 0.306640625 0.065625 0.08359375000000001
2 0.467578125 0.392578125 0.049218750000000006 0.06015625
2 0.512890625 0.31562500000000004 0.032031250000000004 0.043750000000000004
2 0.48046875 0.234375 0.0078125 0.0328125
2 0.5652343750000001 0.170703125 0.030468750000000003 0.030468750000000003
2 0.5578125 0.6160156250000001 0.045312500000000006 0.049218750000000006
2 0.7273437500000001 0.48046875 0.046875 0.035937500000000004
0 0.884375 0.34375 0.037500000000000006 0.025
0 0.60078125 0.45078125 0.028125 0.046875
0 0.7191406250000001 0.38789062500000004 0.032031250000000004 0.04296875
0 0.6804687500000001 0.982421875 0.08750000000000001 0.03515625
