2 0.0234375 0.128515625 0.046875 0.06171875
2 0.1046875 0.09375 0.0390625 0.046875
2 0.198046875 0.084375 0.06015625 0.028125
2 0.27109375 0.070703125 0.0171875 0.022656250000000003
2 0.29765625 0.242578125 0.034375 0.05234375
2 0.334765625 0.21875 0.030468750000000003 0.045312500000000006
2 0.34375 0.10117187500000001 0.026562500000000003 0.02421875
2 0.40859375000000003 0.12617187500000002 0.037500000000000006 0.030468750000000003
2 0.46328125000000003 0.011328125000000001 0.0328125 0.022656250000000003
2 0.49921875000000004 0.016015625000000002 0.034375 0.032031250000000004
0 0.5769531250000001 0.07265625 0.03359375 0.037500000000000006
