2 0.58046875 0.044140625 0.06406250000000001 0.06015625
2 0.6156250000000001 0.408203125 0.059375000000000004 0.030468750000000003
2 0.26484375 0.6707031250000001 0.2078125 0.29296875
2 0.444921875 0.689453125 0.039843750000000004 0.06015625
2 0.46015625000000004 0.625 0.045312500000000006 0.05625
2 0.578125 0.587890625 0.035937500000000004 0.05234375
2 0.0234375 0.9285156250000001 0.046875 0.06171875
2 0.1046875 0.89375 0.0390625 0.046875
2 0.198046875 0.884375 0.06015625 0.028125
2 0.27109375 0.870703125 0.0171875 0.022656250000000003
2 0.34375 0.9011718750000001 0.026562500000000003 0.02421875
2 0.40859375000000003 0.9261718750000001 0.037500000000000006 0.030468750000000003
2 0.46328125000000003 0.8011718750000001 0.0328125 0.04296875
2 0.49921875000000004 0.810546875 0.034375 0.04296875
0 0.5769531250000001 0.87265625 0.03359375 0.037500000000000006
