2 0.035937500000000004 0.934765625 0.07187500000000001 0.07421875
2 0.105859375 0.890234375 0.05078125 0.05234375
2 0.26484375 0.65 0.25 0.275
2 0.46523437500000003 0.6277343750000001 0.049218750000000006 0.06015625
2 0.443359375 0.687109375 0.06015625 0.07421875
2 0.34492187500000004 0.9921875 0.041406250000000006 0.015625
2 0.40742187500000004 0.9265625000000001 0.032031250000000004 0.046875
2 0.333984375 0.899609375 0.049218750000000006 0.049218750000000006
2 0.580078125 0.047265625000000006 0.07109375 0.06015625
2 0.6078125000000001 0.419921875 0.07500000000000001 0.05859375
2 0.50234375 0.8074218750000001 0.053125000000000006 0.041406250000000006
0 0.570703125 0.8718750000000001 0.03828125 0.029687500000000002
2 0.578125 0.58359375 0.05625 0.053125000000000006
1 0.7718750000000001 0.37539062500000003 0.1265625 0.58515625
