2 0.34882812500000004 0.02421875 0.01953125 0.0484375
2 0.30585937500000004 0.13828125 0.041406250000000006 0.06406250000000001
2 0.35195312500000003 0.105859375 0.057031250000000006 0.05234375
0 0.246484375 0.476171875 0.030468750000000003 0.04609375
0 0.22382812500000002 0.38515625000000003 0.025781250000000002 0.034375
0 0.132421875 0.560546875 0.032031250000000004 0.047656250000000004
0 0.537109375 0.878515625 0.057031250000000006 0.057031250000000006
0 0.264453125 0.876953125 0.025781250000000002 0.041406250000000006
2 0.1640625 0.7035156250000001 0.045312500000000006 0.041406250000000006
2 0.13593750000000002 0.9324218750000001 0.0203125 0.030468750000000003
2 0.248828125 0.9867187500000001 0.02109375 0.026562500000000003
2 0.535546875 0.39882812500000003 0.07109375 0.04609375
2 0.603125 0.290625 0.043750000000000004 0.05
