0 0.354296875 0.278125 0.039843750000000004 0.035937500000000004
0 0.76953125 0.32578125 0.026562500000000003 0.0546875
0 0.8562500000000001 0.373828125 0.0234375 0.039843750000000004
0 0.878515625 0.30898437500000003 0.030468750000000003 0.032031250000000004
0 0.71484375 0.312109375 0.021875000000000002 0.03359375
0 0.853515625 0.544140625 0.04296875 0.05078125
0 0.9964843750000001 0.51328125 0.00703125 0.045312500000000006
2 0.37929687500000003 0.5875 0.03828125 0.053125000000000006
2 0.8609375 0.894140625 0.0390625 0.041406250000000006
2 0.900390625 0.9765625 0.08203125 0.046875
2 0.6625000000000001 0.8234375 0.05625 0.046875
0 0.48359375000000004 0.37226562500000004 0.035937500000000004 0.039843750000000004
0 0.33710937500000004 0.314453125 0.05234375 0.05078125
0 0.980078125 0.9847656250000001 0.01953125 0.030468750000000003
0 0.5320312500000001 0.6722656250000001 0.028125 0.05234375
0 0.8988281250000001 0.589453125 0.03359375 0.041406250000000006
0 0.570703125 0.33984375 0.04296875 0.05625
