0 0.05625 0.373828125 0.0234375 0.039843750000000004
0 0.078515625 0.30898437500000003 0.030468750000000003 0.032031250000000004
0 0.053515625000000004 0.544140625 0.04296875 0.05078125
0 0.2078125 0.51328125 0.029687500000000002 0.045312500000000006
2 0.060937500000000006 0.894140625 0.0390625 0.041406250000000006
2 0.10039062500000001 0.9765625 0.08203125 0.046875
0 0.180078125 0.9847656250000001 0.01953125 0.030468750000000003
0 0.34101562500000004 0.3453125 0.022656250000000003 0.034375
0 0.21796875000000002 0.691015625 0.028125 0.03828125
0 0.098828125 0.589453125 0.03359375 0.041406250000000006
2 0.584375 0.8234375 0.053125000000000006 0.06406250000000001
2 0.744140625 0.7515625 0.10234375000000001 0.078125
0 0.5769531250000001 0.6238281250000001 0.02734375 0.02734375
0 0.48554687500000004 0.753515625 0.039843750000000004 0.041406250000000006
