0 0.48945312500000004 0.148046875 0.02890625 0.03828125
0 0.52265625 0.1234375 0.025 0.035937500000000004
0 0.9437500000000001 0.16757812500000002 0.035937500000000004 0.032031250000000004
0 0.8921875 0.405859375 0.035937500000000004 0.05859375
0 0.878515625 0.15078125 0.030468750000000003 0.035937500000000004
2 0.5652343750000001 0.43359375 0.039843750000000004 0.046875
2 0.8 0.44960937500000003 0.025 0.030468750000000003
2 0.71484375 0.5066406250000001 0.0171875 0.03359375
2 0.815625 0.87109375 0.11875000000000001 0.1078125
2 0.8359375 0.6546875000000001 0.026562500000000003 0.034375
2 0.788671875 0.718359375 0.02890625 0.06953125
2 0.73984375 0.187890625 0.0484375 0.047656250000000004
2 0.8914062500000001 0.64609375 0.026562500000000003 0.035937500000000004
2 0.38789062500000004 0.3328125 0.032031250000000004 0.046875
