0 0.14375000000000002 0.16757812500000002 0.035937500000000004 0.032031250000000004
0 0.24375000000000002 0.20468750000000002 0.028125 0.035937500000000004
0 0.0921875 0.405859375 0.035937500000000004 0.05859375
0 0.35546875 0.8265625000000001 0.037500000000000006 0.037500000000000006
0 0.40078125000000003 0.873046875 0.0546875 0.041406250000000006
0 0.22890625 0.3765625 0.046875 0.028125
0 0.078515625 0.15078125 0.030468750000000003 0.035937500000000004
2 0.00625 0.44960937500000003 0.0125 0.030468750000000003
2 0.037500000000000006 0.87109375 0.07500000000000001 0.1078125
2 0.2890625 0.825390625 0.0671875 0.04296875
2 0.035937500000000004 0.6546875000000001 0.026562500000000003 0.034375
2 0.38906250000000003 0.16757812500000002 0.045312500000000006 0.05859375
2 0.392578125 0.34414062500000003 0.030468750000000003 0.06328125
2 0.43046875 0.500390625 0.035937500000000004 0.032031250000000004
2 0.09140625000000001 0.64609375 0.026562500000000003 0.035937500000000004
2 0.278125 0.43476562500000004 0.045312500000000006 0.030468750000000003
2 0.255078125 0.13671875 0.017968750000000002 0.043750000000000004
2 0.74921875 0.446875 0.037500000000000006 0.0578125
2 0.93125 0.6589843750000001 0.035937500000000004 0.05078125
2 0.896484375 0.56875 0.05390625 0.08750000000000001
2 0.7660156250000001 0.65546875 0.05234375 0.035937500000000004
2 0.67578125 0.587890625 0.026562500000000003 0.041406250000000006
