0 0.35546875 0.026562500000000003 0.037500000000000006 0.037500000000000006
0 0.40078125000000003 0.073046875 0.0546875 0.041406250000000006
2 0.037500000000000006 0.07109375 0.07500000000000001 0.1078125
2 0.2890625 0.025390625 0.0671875 0.04296875
2 0.49257812500000003 0.805859375 0.041406250000000006 0.05078125
2 0.09062500000000001 0.579296875 0.0578125 0.041406250000000006
2 0.47382812500000004 0.46210937500000004 0.05234375 0.05078125
2 0.36484375 0.605078125 0.0859375 0.06328125
2 0.144921875 0.8289062500000001 0.03359375 0.037500000000000006
2 0.039843750000000004 0.8 0.034375 0.028125
2 0.291015625 0.923828125 0.03828125 0.039843750000000004
2 0.129296875 0.9796875 0.032031250000000004 0.040625
2 0.7375 0.413671875 0.0546875 0.13203125000000002
0 0.831640625 0.676953125 0.032031250000000004 0.01953125
