2 0.5105468750000001 0.1265625 0.03828125 0.045312500000000006
2 0.8914062500000001 0.401171875 0.034375 0.039843750000000004
2 0.78515625 0.44062500000000004 0.035937500000000004 0.037500000000000006
2 0.71484375 0.49921875000000004 0.0328125 0.025
2 0.555078125 0.432421875 0.041406250000000006 0.05078125
2 0.6492187500000001 0.20429687500000002 0.029687500000000002 0.030468750000000003
2 0.944921875 0.1625 0.01953125 0.025
2 0.8777343750000001 0.143359375 0.032031250000000004 0.01953125
2 0.7351562500000001 0.18320312500000002 0.028125 0.02109375
2 0.734375 0.16171875000000002 0.034375 0.026562500000000003
2 0.5964843750000001 0.17109375000000002 0.039843750000000004 0.037500000000000006
2 0.6000000000000001 0.31953125000000004 0.035937500000000004 0.028125
2 0.46914062500000003 0.194140625 0.02109375 0.02890625
2 0.516796875 0.1765625 0.039843750000000004 0.018750000000000003
2 0.38125000000000003 0.32929687500000004 0.026562500000000003 0.02109375
2 0.833203125 0.65 0.05078125 0.026562500000000003
2 0.7777343750000001 0.731640625 0.02421875 0.06171875
2 0.56953125 0.6921875000000001 0.037500000000000006 0.029687500000000002
2 0.25546875 0.16875 0.0484375 0.026562500000000003
2 0.298046875 0.22734375 0.049218750000000006 0.035937500000000004
2 0.646484375 0.5886718750000001 0.04296875 0.04453125
2 0.733984375 0.568359375 0.030468750000000003 0.02734375
2 0.894140625 0.6421875 0.02890625 0.018750000000000003
2 0.8250000000000001 0.8679687500000001 0.1078125 0.078125
2 0.716015625 0.984375 0.08203125 0.03125
2 0.491796875 0.144140625 0.041406250000000006 0.02109375
