2 0.039453125000000006 0.06796875000000001 0.07890625000000001 0.078125
2 0.08476562500000001 0.57265625 0.06171875 0.045312500000000006
2 0.049609375000000004 0.7914062500000001 0.04296875 0.0328125
2 0.144921875 0.8203125 0.04453125 0.045312500000000006
2 0.12460937500000001 0.9734375000000001 0.041406250000000006 0.034375
0 0.4140625 0.055078125000000006 0.146875 0.11015625000000001
0 0.8187500000000001 0.675390625 0.0328125 0.049218750000000006
0 0.30585937500000004 0.067578125 0.03359375 0.041406250000000006
2 0.28554687500000003 0.01640625 0.05234375 0.0328125
2 0.7253906250000001 0.3765625 0.05234375 0.059375000000000004
2 0.72421875 0.448828125 0.046875 0.05234375
2 0.48515625 0.45039062500000004 0.045312500000000006 0.030468750000000003
2 0.376953125 0.58515625 0.05390625 0.07500000000000001
2 0.47773437500000004 0.8089843750000001 0.04453125 0.06015625
2 0.5554687500000001 0.8 0.045312500000000006 0.05625
2 0.25859375 0.8562500000000001 0.0328125 0.035937500000000004
2 0.300390625 0.9226562500000001 0.05234375 0.025
