2 0.09140625000000001 0.401171875 0.034375 0.039843750000000004
2 0.144921875 0.1625 0.01953125 0.025
2 0.07773437500000001 0.143359375 0.032031250000000004 0.01953125
2 0.033203125 0.65 0.05078125 0.026562500000000003
2 0.229296875 0.19843750000000002 0.032031250000000004 0.034375
2 0.224609375 0.36953125000000003 0.01953125 0.028125
2 0.2390625 0.73203125 0.05625 0.0578125
2 0.094140625 0.6421875 0.02890625 0.018750000000000003
2 0.039453125000000006 0.8679687500000001 0.07890625000000001 0.078125
2 0.384375 0.152734375 0.046875 0.039843750000000004
2 0.7898437500000001 0.263671875 0.05625 0.05859375
2 0.8132812500000001 0.39609375 0.028125 0.045312500000000006
2 0.759765625 0.44296875 0.02109375 0.0328125
2 0.6746093750000001 0.573828125 0.05390625 0.02109375
2 0.38828125 0.34492187500000004 0.035937500000000004 0.039843750000000004
2 0.42226562500000003 0.491015625 0.030468750000000003 0.032031250000000004
2 0.36796875 0.53046875 0.046875 0.026562500000000003
2 0.759375 0.65 0.0546875 0.043750000000000004
2 0.614453125 0.58515625 0.04453125 0.035937500000000004
2 0.8871093750000001 0.566796875 0.06171875 0.06953125
2 0.937109375 0.6585937500000001 0.04296875 0.05625
0 0.4140625 0.839453125 0.146875 0.14140625
0 0.30585937500000004 0.8675781250000001 0.03359375 0.041406250000000006
2 0.28554687500000003 0.810546875 0.05234375 0.04453125
