2 0.049609375000000004 0.00390625 0.04296875 0.0078125
2 0.144921875 0.021484375 0.04453125 0.04296875
2 0.12460937500000001 0.17343750000000002 0.041406250000000006 0.034375
2 0.47773437500000004 0.01953125 0.04453125 0.0390625
2 0.5554687500000001 0.0140625 0.045312500000000006 0.028125
2 0.25859375 0.05625 0.0328125 0.035937500000000004
2 0.300390625 0.12265625000000001 0.05234375 0.025
2 0.6015625 0.295703125 0.034375 0.07109375
2 0.546875 0.30781250000000004 0.046875 0.0578125
2 0.45859375 0.56171875 0.08750000000000001 0.24531250000000002
2 0.56171875 0.490234375 0.0546875 0.05078125
