2 0.345703125 0.625 0.06171875 0.06406250000000001
2 0.714453125 0.5390625 0.05234375 0.065625
2 0.806640625 0.51953125 0.03359375 0.037500000000000006
2 0.8972656250000001 0.625 0.041406250000000006 0.0421875
2 0.8621093750000001 0.64453125 0.04453125 0.043750000000000004
2 0.98359375 0.5640625 0.0328125 0.053125000000000006
2 0.6644531250000001 0.70625 0.03359375 0.037500000000000006
2 0.780859375 0.7351562500000001 0.07890625000000001 0.0765625
2 0.5875 0.849609375 0.0765625 0.03515625
2 0.9296875 0.757421875 0.028125 0.05078125
2 0.572265625 0.8035156250000001 0.041406250000000006 0.032031250000000004
0 0.94921875 0.81640625 0.0484375 0.0328125
