2 0.10898437500000001 0.30781250000000004 0.049218750000000006 0.0484375
0 0.2171875 0.38007812500000004 0.035937500000000004 0.049218750000000006
0 0.2984375 0.8625 0.028125 0.026562500000000003
0 0.8265625000000001 0.012890625000000001 0.028125 0.025781250000000002
1 0.8390625 0.274609375 0.27968750000000003 0.41171875
0 0.607421875 0.19882812500000002 0.03828125 0.03828125
2 0.9753906250000001 0.712890625 0.049218750000000006 0.06328125
2 0.874609375 0.8132812500000001 0.05078125 0.025
2 0.596875 0.9875 0.035937500000000004 0.025
2 0.696875 0.8796875000000001 0.0578125 0.046875
