2 0.11171875 0.54921875 0.035937500000000004 0.037500000000000006
2 0.34804687500000003 0.6640625 0.05078125 0.045312500000000006
2 0.6605468750000001 0.7250000000000001 0.05390625 0.0484375
2 0.5496093750000001 0.855078125 0.039843750000000004 0.04296875
2 0.605078125 0.8792968750000001 0.06953125 0.032031250000000004
2 0.7578125 0.7660156250000001 0.0546875 0.06015625
2 0.7214843750000001 0.5703125 0.05234375 0.05625
2 0.809765625 0.5453125 0.032031250000000004 0.0390625
2 0.9929687500000001 0.5906250000000001 0.0140625 0.037500000000000006
2 0.860546875 0.6687500000000001 0.022656250000000003 0.035937500000000004
2 0.9304687500000001 0.786328125 0.037500000000000006 0.049218750000000006
0 0.954296875 0.84375 0.041406250000000006 0.029687500000000002
