2 0.00859375 0.12460937500000001 0.0171875 0.09140625000000001
2 0.10703125000000001 0.300390625 0.0671875 0.06171875
0 0.22890625 0.37890625 0.037500000000000006 0.037500000000000006
0 0.605078125 0.19296875000000002 0.039843750000000004 0.0390625
0 0.7214843750000001 0.205859375 0.04296875 0.05390625
0 0.29531250000000003 0.84921875 0.037500000000000006 0.043750000000000004
2 0.6003906250000001 0.9867187500000001 0.049218750000000006 0.026562500000000003
2 0.7058593750000001 0.86484375 0.030468750000000003 0.026562500000000003
2 0.9847656250000001 0.718359375 0.030468750000000003 0.049218750000000006
2 0.8890625000000001 0.8078125 0.06406250000000001 0.043750000000000004
2 0.7640625000000001 0.92734375 0.0328125 0.037500000000000006
0 0.83359375 0.003515625 0.05625 0.00703125
0 0.8738281250000001 0.24375000000000002 0.25234375000000003 0.40937500000000004
