2 0.5437500000000001 0.034765625 0.018750000000000003 0.041406250000000006
2 0.59921875 0.06601562500000001 0.026562500000000003 0.05234375
2 0.6589843750000001 0.015625 0.06171875 0.03125
2 0.58984375 0.28046875 0.0484375 0.045312500000000006
0 0.9476562500000001 0.029296875 0.035937500000000004 0.030468750000000003
0 0.7765625 0.06796875000000001 0.0421875 0.034375
0 0.63984375 0.44765625000000003 0.18906250000000002 0.15781250000000002
0 0.68671875 0.566796875 0.035937500000000004 0.04453125
0 0.03359375 0.7937500000000001 0.05625 0.026562500000000003
0 0.106640625 0.91953125 0.21328125 0.1609375
2 0.9652343750000001 0.90625 0.06953125 0.0484375
