2 0.34492187500000004 0.6355468750000001 0.07265625 0.05078125
2 0.80078125 0.53046875 0.037500000000000006 0.05
2 0.7035156250000001 0.5515625000000001 0.06953125 0.05625
2 0.7765625 0.7429687500000001 0.05625 0.0765625
2 0.6453125000000001 0.6984375 0.07500000000000001 0.0578125
2 0.5437500000000001 0.8347656250000001 0.018750000000000003 0.041406250000000006
2 0.59921875 0.8660156250000001 0.026562500000000003 0.05234375
2 0.6351562500000001 0.776953125 0.0390625 0.030468750000000003
2 0.6589843750000001 0.810546875 0.06171875 0.041406250000000006
2 0.95859375 0.5750000000000001 0.043750000000000004 0.035937500000000004
2 0.865234375 0.653515625 0.06328125 0.06328125
2 0.944921875 0.7308593750000001 0.030468750000000003 0.10078125
0 0.9476562500000001 0.829296875 0.035937500000000004 0.030468750000000003
0 0.7765625 0.8679687500000001 0.0421875 0.034375
