0 0.34140625 0.17265625 0.0328125 0.045312500000000006
0 0.6472656250000001 0.0671875 0.03359375 0.037500000000000006
0 0.5546875 0.309375 0.026562500000000003 0.034375
0 0.843359375 0.09648437500000001 0.03359375 0.05234375
0 0.7132812500000001 0.13398437500000002 0.025 0.030468750000000003
0 0.70859375 0.07382812500000001 0.037500000000000006 0.039843750000000004
0 0.9753906250000001 0.41835937500000003 0.02890625 0.05234375
0 0.9007812500000001 0.18203125 0.026562500000000003 0.026562500000000003
0 0.948828125 0.11875000000000001 0.022656250000000003 0.037500000000000006
0 0.7210937500000001 0.26796875000000003 0.026562500000000003 0.035937500000000004
