2 0.52734375 0.008984375000000001 0.018750000000000003 0.017968750000000002
2 0.41445312500000003 0.08867187500000001 0.01953125 0.02890625
0 0.287109375 0.174609375 0.06015625 0.06328125
0 0.34140625 0.42265625 0.0328125 0.045312500000000006
0 0.6195312500000001 0.11093750000000001 0.045312500000000006 0.035937500000000004
0 0.484375 0.10703125000000001 0.026562500000000003 0.035937500000000004
0 0.632421875 0.20273437500000002 0.01953125 0.022656250000000003
0 0.6472656250000001 0.3171875 0.03359375 0.037500000000000006
0 0.5546875 0.5593750000000001 0.026562500000000003 0.034375
0 0.843359375 0.346484375 0.03359375 0.05234375
0 0.7132812500000001 0.38398437500000004 0.025 0.030468750000000003
0 0.70859375 0.323828125 0.037500000000000006 0.039843750000000004
0 0.9753906250000001 0.6683593750000001 0.02890625 0.05234375
0 0.9007812500000001 0.43203125000000003 0.026562500000000003 0.026562500000000003
0 0.948828125 0.36875 0.022656250000000003 0.037500000000000006
0 0.7210937500000001 0.51796875 0.026562500000000003 0.035937500000000004
0 0.6898437500000001 0.23203125000000002 0.026562500000000003 0.029687500000000002
