2 0.6511718750000001 0.01640625 0.08359375000000001 0.0328125
2 0.296484375 0.173828125 0.032031250000000004 0.039843750000000004
2 0.358203125 0.24531250000000002 0.03828125 0.026562500000000003
0 0.76484375 0.30585937500000004 0.037500000000000006 0.07109375
0 0.62890625 0.44140625 0.046875 0.0328125
0 0.5328125 0.30000000000000004 0.043750000000000004 0.026562500000000003
0 0.2390625 0.9632812500000001 0.11406250000000001 0.0734375
0 0.29609375 0.886328125 0.046875 0.041406250000000006
0 0.44843750000000004 0.553125 0.026562500000000003 0.034375
0 0.6097656250000001 0.5300781250000001 0.030468750000000003 0.02890625
0 0.460546875 0.64453125 0.032031250000000004 0.046875
0 0.630078125 0.706640625 0.01953125 0.022656250000000003
0 0.47109375000000003 0.944921875 0.037500000000000006 0.041406250000000006
0 0.605078125 0.875 0.02890625 0.037500000000000006
0 0.58203125 0.761328125 0.026562500000000003 0.032031250000000004
0 0.6390625000000001 0.7898437500000001 0.0234375 0.026562500000000003
0 0.35078125000000004 0.948828125 0.045312500000000006 0.01171875
2 0.614453125 0.9593750000000001 0.06171875 0.035937500000000004
2 0.7621093750000001 0.6484375 0.06953125 0.0546875
2 0.6726562500000001 0.3453125 0.037500000000000006 0.028125
2 0.72421875 0.46718750000000003 0.0890625 0.035937500000000004
0 0.490234375 0.702734375 0.02890625 0.030468750000000003
0 0.326953125 0.8011718750000001 0.041406250000000006 0.03359375
0 0.547265625 0.8304687500000001 0.02109375 0.018750000000000003
0 0.5140625 0.890625 0.046875 0.0390625
