0 0.043359375000000006 0.346484375 0.03359375 0.05234375
0 0.17539062500000002 0.6683593750000001 0.02890625 0.05234375
0 0.10078125 0.43203125000000003 0.026562500000000003 0.026562500000000003
0 0.148828125 0.36875 0.022656250000000003 0.037500000000000006
0 0.2390625 0.19062500000000002 0.11406250000000001 0.12812500000000002
0 0.29609375 0.086328125 0.046875 0.041406250000000006
0 0.47109375000000003 0.144921875 0.037500000000000006 0.041406250000000006
0 0.605078125 0.07500000000000001 0.02890625 0.037500000000000006
0 0.35078125000000004 0.148828125 0.045312500000000006 0.01171875
2 0.306640625 0.32070312500000003 0.06015625 0.03828125
2 0.5875 0.467578125 0.07500000000000001 0.05078125
2 0.614453125 0.15937500000000002 0.06171875 0.035937500000000004
0 0.326953125 0.008984375000000001 0.041406250000000006 0.017968750000000002
0 0.547265625 0.030468750000000003 0.02109375 0.018750000000000003
0 0.5140625 0.09062500000000001 0.046875 0.0390625
