2 0.158203125 0.09062500000000001 0.030468750000000003 0.045312500000000006
2 0.147265625 0.7761718750000001 0.06015625 0.08984375
0 0.11015625000000001 0.9242187500000001 0.0671875 0.05625
0 0.483203125 0.958203125 0.039843750000000004 0.039843750000000004
0 0.31757812500000004 0.501171875 0.03359375 0.041406250000000006
0 0.9867187500000001 0.9261718750000001 0.026562500000000003 0.039843750000000004
2 0.821875 0.5398437500000001 0.026562500000000003 0.046875
2 0.971875 0.39687500000000003 0.0421875 0.05625
2 0.7308593750000001 0.16484375 0.032031250000000004 0.043750000000000004
2 0.964453125 0.252734375 0.04453125 0.049218750000000006
2 0.95078125 0.0074218750000000005 0.028125 0.014843750000000001
2 0.64765625 0.049218750000000006 0.065625 0.0484375
