0 0.114453125 0.9261718750000001 0.032031250000000004 0.039843750000000004
2 0.096875 0.39687500000000003 0.0421875 0.05625
2 0.15781250000000002 0.894140625 0.045312500000000006 0.07421875
2 0.408984375 0.723828125 0.041406250000000006 0.06015625
2 0.18906250000000002 0.059765625 0.037500000000000006 0.06171875
2 0.08945312500000001 0.252734375 0.04453125 0.049218750000000006
2 0.07578125000000001 0.0074218750000000005 0.028125 0.014843750000000001
2 0.39375000000000004 0.503125 0.0140625 0.046875
2 0.2515625 0.43398437500000003 0.0765625 0.06328125
2 0.85859375 0.421875 0.035937500000000004 0.0390625
2 0.7109375 0.657421875 0.0328125 0.049218750000000006
2 0.5906250000000001 0.17304687500000002 0.0546875 0.08984375
