0 0.189453125 0.9261718750000001 0.032031250000000004 0.039843750000000004
2 0.021875000000000002 0.5398437500000001 0.026562500000000003 0.046875
2 0.171875 0.39687500000000003 0.0421875 0.05625
2 0.2328125 0.894140625 0.045312500000000006 0.07421875
2 0.483984375 0.723828125 0.041406250000000006 0.06015625
2 0.26406250000000003 0.059765625 0.037500000000000006 0.06171875
2 0.164453125 0.252734375 0.04453125 0.049218750000000006
2 0.15078125 0.0074218750000000005 0.028125 0.014843750000000001
2 0.46875 0.503125 0.0140625 0.046875
2 0.32656250000000003 0.43398437500000003 0.0765625 0.06328125
2 0.93359375 0.421875 0.035937500000000004 0.0390625
2 0.7859375000000001 0.657421875 0.0328125 0.049218750000000006
2 0.665625 0.17304687500000002 0.0546875 0.08984375
