2 0.555859375 0.49609375 0.049218750000000006 0.0578125
2 0.32734375000000004 0.6042968750000001 0.0765625 0.05234375
2 0.18984375 0.7093750000000001 0.037500000000000006 0.037500000000000006
2 0.180078125 0.899609375 0.032031250000000004 0.041406250000000006
2 0.46914062500000003 0.98203125 0.04453125 0.035937500000000004
2 0.732421875 0.95625 0.0023437500000000003 0.00625
2 0.35664062500000004 0.27968750000000003 0.041406250000000006 0.035937500000000004
2 0.775 0.48867187500000003 0.028125 0.032031250000000004
2 0.8851562500000001 0.307421875 0.034375 0.05390625
2 0.646484375 0.6605468750000001 0.030468750000000003 0.04296875
2 0.73984375 0.971875 0.0546875 0.0234375
2 0.6648437500000001 0.8796875000000001 0.034375 0.043750000000000004
