2 0.180078125 0.099609375 0.032031250000000004 0.041406250000000006
2 0.46914062500000003 0.18476562500000002 0.04453125 0.041406250000000006
2 0.16132812500000002 0.532421875 0.039843750000000004 0.049218750000000006
2 0.323828125 0.503515625 0.032031250000000004 0.032031250000000004
2 0.499609375 0.5105468750000001 0.02109375 0.041406250000000006
2 0.397265625 0.42421875000000003 0.030468750000000003 0.028125
2 0.15937500000000002 0.7761718750000001 0.043750000000000004 0.08203125
2 0.11953125 0.91953125 0.034375 0.0390625
1 0.59765625 0.602734375 0.225 0.68515625
2 0.732421875 0.15625 0.0023437500000000003 0.00625
2 0.73984375 0.171875 0.0546875 0.0234375
0 0.9875 0.9375 0.025 0.0546875
2 0.9671875000000001 0.40625 0.043750000000000004 0.045312500000000006
2 0.9632812500000001 0.26015625000000003 0.065625 0.05625
2 0.6648437500000001 0.07968750000000001 0.034375 0.043750000000000004
