0 0.19765625 0.9375 0.045312500000000006 0.0546875
2 0.507421875 0.733984375 0.06171875 0.02890625
2 0.32148437500000004 0.4421875 0.08984375 0.0734375
2 0.16718750000000002 0.40625 0.043750000000000004 0.045312500000000006
2 0.33359375 0.34296875000000004 0.0328125 0.037500000000000006
2 0.16328125000000002 0.26015625000000003 0.065625 0.05625
2 0.265234375 0.06875 0.05390625 0.0578125
2 0.939453125 0.354296875 0.02890625 0.02109375
2 0.9328125 0.43476562500000004 0.026562500000000003 0.01953125
2 0.794140625 0.665234375 0.022656250000000003 0.02421875
2 0.48164062500000004 0.5164062500000001 0.049218750000000006 0.026562500000000003
2 0.2515625 0.8777343750000001 0.0390625 0.02890625
