2 0.171875 0.256640625 0.034375 0.041406250000000006
2 0.17929687500000002 0.40156250000000004 0.030468750000000003 0.046875
2 0.49453125000000003 0.7359375 0.0390625 0.035937500000000004
2 0.234765625 0.90234375 0.05234375 0.08750000000000001
2 0.154296875 0.008984375000000001 0.03515625 0.017968750000000002
0 0.31015625 0.06328125 0.026562500000000003 0.0390625
2 0.9343750000000001 0.43007812500000003 0.045312500000000006 0.03359375
2 0.794140625 0.66953125 0.05234375 0.043750000000000004
2 0.48085937500000003 0.51796875 0.02890625 0.028125
2 0.6707031250000001 0.17500000000000002 0.041406250000000006 0.09375
2 0.026171875 0.542578125 0.039843750000000004 0.030468750000000003
