2 0.096875 0.256640625 0.034375 0.041406250000000006
2 0.10429687500000001 0.40156250000000004 0.030468750000000003 0.046875
2 0.41953125 0.7359375 0.0390625 0.035937500000000004
2 0.15976562500000002 0.90234375 0.05234375 0.08750000000000001
2 0.079296875 0.008984375000000001 0.03515625 0.017968750000000002
0 0.23515625 0.06328125 0.026562500000000003 0.0390625
2 0.859375 0.43007812500000003 0.045312500000000006 0.03359375
2 0.7191406250000001 0.66953125 0.05234375 0.043750000000000004
2 0.405859375 0.51796875 0.02890625 0.028125
2 0.595703125 0.17500000000000002 0.041406250000000006 0.09375
