0 0.64453125 0.494140625 0.045312500000000006 0.05859375
2 0.45390625 0.787109375 0.037500000000000006 0.03828125
2 0.63671875 0.408203125 0.037500000000000006 0.030468750000000003
2 0.240234375 0.6640625 0.04296875 0.035937500000000004
2 0.264453125 0.591796875 0.032031250000000004 0.032031250000000004
2 0.36054687500000004 0.5390625 0.02421875 0.026562500000000003
2 0.436328125 0.45351562500000003 0.032031250000000004 0.04296875
0 0.562109375 0.8523437500000001 0.02109375 0.035937500000000004
0 0.47695312500000003 0.88046875 0.02890625 0.0328125
2 0.794921875 0.462890625 0.02421875 0.032031250000000004
2 0.9597656250000001 0.76953125 0.05234375 0.045312500000000006
