2 0.003125 0.16015625 0.00625 0.018750000000000003
2 0.21601562500000002 0.237109375 0.05234375 0.032031250000000004
2 0.2265625 0.3828125 0.043750000000000004 0.043750000000000004
2 0.209765625 0.0054687500000000005 0.02890625 0.010937500000000001
2 0.9796875 0.41171875 0.035937500000000004 0.034375
2 0.526953125 0.49726562500000004 0.04296875 0.032031250000000004
2 0.5554687500000001 0.7203125 0.05625 0.045312500000000006
2 0.283203125 0.8855468750000001 0.08359375000000001 0.09140625000000001
2 0.85546875 0.6527343750000001 0.045312500000000006 0.05390625
2 0.3640625 0.044921875 0.035937500000000004 0.05078125
