2 0.622265625 0.36484375 0.05234375 0.0234375
2 0.626953125 0.533203125 0.032031250000000004 0.03359375
2 0.30312500000000003 0.689453125 0.043750000000000004 0.039843750000000004
2 0.401171875 0.981640625 0.017968750000000002 0.02890625
2 0.43515625 0.925 0.045312500000000006 0.045312500000000006
2 0.9632812500000001 0.316015625 0.0734375 0.05390625
2 0.7914062500000001 0.703125 0.0765625 0.096875
2 0.6859375000000001 0.740234375 0.046875 0.03828125
2 0.7585937500000001 0.471484375 0.026562500000000003 0.032031250000000004
2 0.826171875 0.63203125 0.039843750000000004 0.028125
