2 0.58359375 0.0390625 0.043750000000000004 0.037500000000000006
2 0.560546875 0.197265625 0.022656250000000003 0.032031250000000004
2 0.191796875 0.294140625 0.05078125 0.06015625
2 0.44609375 0.44843750000000004 0.045312500000000006 0.043750000000000004
2 0.28203125 0.6527343750000001 0.035937500000000004 0.04453125
2 0.303515625 0.721875 0.030468750000000003 0.035937500000000004
2 0.25625000000000003 0.9281250000000001 0.0171875 0.05625
2 0.21875 0.136328125 0.034375 0.032031250000000004
2 0.7664062500000001 0.056640625 0.035937500000000004 0.04296875
2 0.9871093750000001 0.22031250000000002 0.025781250000000002 0.0484375
2 0.9109375000000001 0.43203125000000003 0.028125 0.035937500000000004
0 0.9851562500000001 0.8125 0.029687500000000002 0.035937500000000004
0 0.9460937500000001 0.70078125 0.025 0.026562500000000003
0 0.7933593750000001 0.8386718750000001 0.03828125 0.04296875
0 0.8285156250000001 0.779296875 0.03359375 0.02421875
