0 0.1875 0.015234375000000001 0.034375 0.030468750000000003
0 0.8539062500000001 0.08554687500000001 0.035937500000000004 0.03359375
0 0.53046875 0.08125 0.028125 0.035937500000000004
0 0.503515625 0.005859375 0.022656250000000003 0.01171875
0 0.00625 0.038671875 0.0125 0.04296875
0 0.415625 0.18476562500000002 0.043750000000000004 0.032031250000000004
2 0.244921875 0.4453125 0.03359375 0.035937500000000004
2 0.02109375 0.7640625000000001 0.037500000000000006 0.026562500000000003
2 0.123046875 0.859375 0.030468750000000003 0.028125
2 0.7265625 0.751171875 0.025 0.030468750000000003
