2 0.19492187500000002 0.22031250000000002 0.041406250000000006 0.0484375
2 0.543359375 0.17695312500000002 0.02109375 0.039843750000000004
2 0.260546875 0.354296875 0.032031250000000004 0.05859375
2 0.11093750000000001 0.43203125000000003 0.028125 0.035937500000000004
2 0.4453125 0.597265625 0.043750000000000004 0.06015625
0 0.1875 0.8125 0.034375 0.035937500000000004
0 0.8539062500000001 0.8855468750000001 0.035937500000000004 0.03359375
0 0.53046875 0.8812500000000001 0.028125 0.035937500000000004
0 0.503515625 0.794921875 0.022656250000000003 0.03359375
0 0.14609375 0.70078125 0.025 0.026562500000000003
0 0.00625 0.8386718750000001 0.0125 0.04296875
0 0.028515625000000003 0.779296875 0.03359375 0.02421875
0 0.415625 0.984375 0.043750000000000004 0.03125
