2 0.42695312500000004 0.272265625 0.041406250000000006 0.041406250000000006
2 0.13515625 0.79296875 0.045312500000000006 0.0328125
2 0.45390625 0.991796875 0.109375 0.01640625
2 0.513671875 0.7742187500000001 0.06015625 0.046875
0 0.309375 0.9324218750000001 0.046875 0.022656250000000003
2 0.33359375 0.349609375 0.0578125 0.05078125
2 0.6257812500000001 0.45 0.0390625 0.034375
2 0.9851562500000001 0.296875 0.029687500000000002 0.043750000000000004
2 0.8070312500000001 0.403125 0.035937500000000004 0.034375
0 0.923046875 0.7347656250000001 0.032031250000000004 0.02109375
