2 0.19257812500000002 0.296875 0.04453125 0.043750000000000004
2 0.7742187500000001 0.034765625 0.0578125 0.05078125
2 0.569921875 0.1953125 0.01953125 0.035937500000000004
2 0.6003906250000001 0.045703125000000004 0.032031250000000004 0.039843750000000004
2 0.0125 0.403125 0.025 0.034375
1 0.347265625 0.525390625 0.42421875000000003 0.21171875
0 0.9339843750000001 0.435546875 0.03359375 0.02890625
0 0.123046875 0.7347656250000001 0.032031250000000004 0.02109375
0 0.8070312500000001 0.8375 0.025 0.034375
0 0.841796875 0.78515625 0.030468750000000003 0.035937500000000004
0 0.955078125 0.70234375 0.02890625 0.026562500000000003
0 0.9964843750000001 0.8070312500000001 0.00703125 0.0328125
0 0.2609375 0.9246093750000001 0.034375 0.030468750000000003
0 0.7601562500000001 0.981640625 0.029687500000000002 0.03671875
2 0.9921875 0.216796875 0.015625 0.041406250000000006
