0 0.8070312500000001 0.037500000000000006 0.025 0.034375
0 0.9964843750000001 0.01171875 0.00703125 0.0234375
0 0.2609375 0.12460937500000001 0.034375 0.030468750000000003
0 0.33671875 0.46523437500000003 0.026562500000000003 0.02109375
0 0.646484375 0.5339843750000001 0.02421875 0.02421875
0 0.7601562500000001 0.18281250000000002 0.029687500000000002 0.0390625
2 0.6125 0.353125 0.037500000000000006 0.035937500000000004
2 0.53359375 0.63203125 0.028125 0.028125
2 0.4609375 0.626171875 0.037500000000000006 0.02890625
0 0.827734375 0.7621093750000001 0.032031250000000004 0.03828125
2 0.9378906250000001 0.859375 0.030468750000000003 0.028125
2 0.671484375 0.90625 0.04453125 0.045312500000000006
2 0.29140625000000003 0.9265625000000001 0.035937500000000004 0.037500000000000006
