0 0.009765625 0.037500000000000006 0.01953125 0.034375
0 0.20078125000000002 0.01171875 0.015625 0.0234375
0 0.027734375000000002 0.7621093750000001 0.032031250000000004 0.03828125
2 0.13789062500000002 0.859375 0.030468750000000003 0.028125
0 0.54296875 0.07890625000000001 0.0171875 0.029687500000000002
0 0.8542968750000001 0.083203125 0.03359375 0.032031250000000004
0 0.460546875 0.065234375 0.030468750000000003 0.02109375
2 0.425390625 0.177734375 0.03828125 0.039843750000000004
2 0.63984375 0.283203125 0.045312500000000006 0.05078125
2 0.24765625000000002 0.444140625 0.05625 0.032031250000000004
0 0.7367187500000001 0.753515625 0.035937500000000004 0.04453125
