0 0.13398437500000002 0.435546875 0.03359375 0.02890625
0 0.009765625 0.8375 0.01953125 0.034375
0 0.041796875000000004 0.78515625 0.030468750000000003 0.035937500000000004
0 0.155078125 0.70234375 0.02890625 0.026562500000000003
0 0.20078125000000002 0.8070312500000001 0.015625 0.0328125
2 0.5546875 0.174609375 0.034375 0.030468750000000003
2 0.199609375 0.216796875 0.030468750000000003 0.041406250000000006
2 0.27734375 0.353125 0.026562500000000003 0.043750000000000004
2 0.45859375 0.5847656250000001 0.0671875 0.06015625
2 0.23515625 0.761328125 0.045312500000000006 0.032031250000000004
2 0.778515625 0.415625 0.030468750000000003 0.035937500000000004
2 0.8207031250000001 0.596875 0.022656250000000003 0.0390625
2 0.9906250000000001 0.06640625 0.018750000000000003 0.0390625
0 0.54296875 0.87890625 0.0171875 0.029687500000000002
0 0.8542968750000001 0.8832031250000001 0.03359375 0.032031250000000004
0 0.516015625 0.790234375 0.01953125 0.01953125
0 0.460546875 0.865234375 0.030468750000000003 0.02109375
2 0.425390625 0.977734375 0.03828125 0.039843750000000004
2 0.244140625 0.491796875 0.049218750000000006 0.02890625
