2 0.841796875 0.761328125 0.030468750000000003 0.032031250000000004
2 0.640625 0.524609375 0.029687500000000002 0.02421875
2 0.335546875 0.467578125 0.041406250000000006 0.039843750000000004
2 0.18476562500000002 0.594140625 0.05078125 0.041406250000000006
2 0.5296875 0.6328125 0.034375 0.0234375
2 0.2921875 0.9246093750000001 0.043750000000000004 0.05234375
0 0.9925781250000001 0.015625 0.014843750000000001 0.03125
0 0.8109375000000001 0.026562500000000003 0.0390625 0.035937500000000004
2 0.62890625 0.353515625 0.05625 0.032031250000000004
2 0.951171875 0.853515625 0.032031250000000004 0.022656250000000003
2 0.685546875 0.90234375 0.032031250000000004 0.0390625
