2 0.6046875 0.037890625000000004 0.028125 0.032031250000000004
2 0.571484375 0.19453125000000002 0.02109375 0.026562500000000003
2 0.208984375 0.28125 0.05078125 0.059375000000000004
1 0.361328125 0.520703125 0.43359375 0.23203125000000002
2 0.129296875 0.727734375 0.032031250000000004 0.02890625
2 0.78515625 0.044140625 0.035937500000000004 0.05390625
2 0.9953125 0.21796875000000002 0.009375000000000001 0.043750000000000004
2 0.9320312500000001 0.432421875 0.034375 0.039843750000000004
2 0.887890625 0.6429687500000001 0.022656250000000003 0.046875
0 0.9925781250000001 0.8125 0.014843750000000001 0.037500000000000006
0 0.8109375000000001 0.8265625000000001 0.0390625 0.035937500000000004
0 0.8441406250000001 0.77265625 0.04296875 0.028125
0 0.944921875 0.70703125 0.05234375 0.045312500000000006
