2 0.041796875000000004 0.761328125 0.030468750000000003 0.032031250000000004
0 0.20390625 0.015625 0.037500000000000006 0.03125
0 0.85859375 0.087109375 0.037500000000000006 0.039843750000000004
0 0.540625 0.078125 0.015625 0.0171875
0 0.44609375 0.064453125 0.034375 0.041406250000000006
0 0.015234375000000001 0.026562500000000003 0.030468750000000003 0.035937500000000004
2 0.42500000000000004 0.17500000000000002 0.0328125 0.0421875
2 0.265234375 0.44648437500000004 0.06328125 0.05234375
2 0.649609375 0.28203125 0.03359375 0.034375
2 0.151171875 0.853515625 0.032031250000000004 0.022656250000000003
2 0.73828125 0.7406250000000001 0.0234375 0.026562500000000003
0 0.7152343750000001 0.989453125 0.08046875 0.02109375
