2 0.55625 0.174609375 0.046875 0.04453125
2 0.515625 0.08828125 0.0328125 0.035937500000000004
2 0.20390625 0.21796875000000002 0.026562500000000003 0.043750000000000004
2 0.275390625 0.357421875 0.02421875 0.041406250000000006
2 0.13203125000000002 0.432421875 0.034375 0.039843750000000004
2 0.46601562500000004 0.583984375 0.06171875 0.05859375
2 0.25234375000000003 0.48515625 0.0234375 0.034375
2 0.087890625 0.6429687500000001 0.022656250000000003 0.046875
0 0.20390625 0.8125 0.037500000000000006 0.037500000000000006
0 0.85859375 0.8871093750000001 0.037500000000000006 0.039843750000000004
0 0.540625 0.878125 0.015625 0.0171875
0 0.5222656250000001 0.7875000000000001 0.022656250000000003 0.025
0 0.44609375 0.864453125 0.034375 0.041406250000000006
0 0.015234375000000001 0.8265625000000001 0.030468750000000003 0.035937500000000004
0 0.044140625 0.77265625 0.04296875 0.028125
0 0.144921875 0.70703125 0.05234375 0.045312500000000006
0 0.244921875 0.706640625 0.022656250000000003 0.030468750000000003
2 0.42500000000000004 0.9750000000000001 0.0328125 0.0421875
