2 0.016015625000000002 0.16875 0.032031250000000004 0.045312500000000006
2 0.014843750000000001 0.566015625 0.029687500000000002 0.030468750000000003
2 0.12382812500000001 0.644140625 0.01953125 0.030468750000000003
2 0.22187500000000002 0.564453125 0.053125000000000006 0.02734375
0 0.728515625 0.294921875 0.039843750000000004 0.02421875
2 0.87265625 0.244140625 0.035937500000000004 0.03359375
2 0.67578125 0.15976562500000002 0.06406250000000001 0.05390625
2 0.542578125 0.18320312500000002 0.05234375 0.05234375
2 0.650390625 0.7890625 0.030468750000000003 0.07500000000000001
2 0.9281250000000001 0.780859375 0.025 0.02890625
2 0.7445312500000001 0.571875 0.045312500000000006 0.046875
