2 0.07265625 0.244140625 0.035937500000000004 0.03359375
2 0.12812500000000002 0.780859375 0.025 0.02890625
2 0.692578125 0.0078125 0.02890625 0.015625
2 0.687109375 0.05234375 0.05859375 0.0484375
2 0.7156250000000001 0.185546875 0.045312500000000006 0.030468750000000003
2 0.7601562500000001 0.08671875000000001 0.029687500000000002 0.025
2 0.5375 0.051171875000000006 0.0171875 0.02109375
2 0.759765625 0.494140625 0.041406250000000006 0.03359375
0 0.5640625 0.48867187500000003 0.05625 0.03828125
0 0.6507812500000001 0.6746093750000001 0.045312500000000006 0.039843750000000004
2 0.7546875000000001 0.6078125000000001 0.0890625 0.065625
2 0.9832031250000001 0.9925781250000001 0.03359375 0.014843750000000001
2 0.7683593750000001 0.233203125 0.032031250000000004 0.030468750000000003
