2 0.11171875 0.28359375000000003 0.043750000000000004 0.0484375
0 0.6023437500000001 0.529296875 0.029687500000000002 0.04453125
0 0.018750000000000003 0.9632812500000001 0.037500000000000006 0.0734375
2 0.6273437500000001 0.7527343750000001 0.0390625 0.030468750000000003
2 0.7152343750000001 0.09296875 0.05078125 0.053125000000000006
2 0.796484375 0.12070312500000001 0.02109375 0.03359375
2 0.75703125 0.22812500000000002 0.0421875 0.034375
2 0.7839843750000001 0.539453125 0.04296875 0.039843750000000004
2 0.774609375 0.6511718750000001 0.11796875000000001 0.11171875
2 0.81171875 0.286328125 0.0171875 0.02890625
2 0.654296875 0.398046875 0.032031250000000004 0.022656250000000003
