2 0.003515625 0.9207031250000001 0.00703125 0.03359375
2 0.209375 0.486328125 0.028125 0.03828125
2 0.308203125 0.67578125 0.030468750000000003 0.035937500000000004
2 0.42109375000000004 0.58984375 0.0234375 0.0234375
2 0.7507812500000001 0.39179687500000004 0.0234375 0.030468750000000003
2 0.9812500000000001 0.5078125 0.037500000000000006 0.037500000000000006
2 0.718359375 0.901953125 0.05859375 0.05234375
2 0.566015625 0.960546875 0.06328125 0.06015625
2 0.68125 0.770703125 0.025 0.041406250000000006
0 0.7859375000000001 0.57734375 0.037500000000000006 0.028125
