2 0.30781250000000004 0.23203125000000002 0.0765625 0.05625
2 0.590234375 0.055859375 0.12421875 0.08203125
2 0.73828125 0.17500000000000002 0.12812500000000002 0.046875
2 0.39609375 0.46484375 0.0546875 0.05625
2 0.26875 0.51171875 0.035937500000000004 0.035937500000000004
2 0.114453125 0.5808593750000001 0.05234375 0.05234375
2 0.18476562500000002 0.6875 0.041406250000000006 0.0546875
2 0.059765625 0.8453125 0.04296875 0.05625
2 0.018750000000000003 0.884375 0.037500000000000006 0.037500000000000006
2 0.649609375 0.7046875 0.02890625 0.037500000000000006
2 0.9769531250000001 0.6957031250000001 0.03828125 0.05078125
2 0.88671875 0.7671875 0.026562500000000003 0.026562500000000003
2 0.890234375 0.9078125 0.03359375 0.037500000000000006
