2 0.12890625 0.376953125 0.053125000000000006 0.04296875
2 0.40078125000000003 0.019921875000000002 0.0484375 0.039843750000000004
2 0.54296875 0.431640625 0.0234375 0.041406250000000006
2 0.46640625 0.483984375 0.0390625 0.047656250000000004
2 0.498828125 0.5339843750000001 0.05234375 0.039843750000000004
2 0.30546875 0.7878906250000001 0.043750000000000004 0.06015625
2 0.27382812500000003 0.605078125 0.05078125 0.041406250000000006
2 0.6046875 0.5710937500000001 0.046875 0.046875
2 0.58359375 0.49609375 0.026562500000000003 0.026562500000000003
1 0.6902343750000001 0.7367187500000001 0.33515625000000004 0.5265625
