0 0.521484375 0.045312500000000006 0.05234375 0.078125
2 0.6312500000000001 0.28203125 0.0390625 0.0484375
2 0.578515625 0.296875 0.049218750000000006 0.06406250000000001
2 0.6578125 0.34101562500000004 0.045312500000000006 0.03359375
2 0.582421875 0.46718750000000003 0.049218750000000006 0.05625
2 0.55625 0.525 0.078125 0.0734375
2 0.34765625 0.56875 0.045312500000000006 0.045312500000000006
2 0.417578125 0.720703125 0.041406250000000006 0.06171875
2 0.27187500000000003 0.79609375 0.0484375 0.034375
2 0.24960937500000002 0.841796875 0.041406250000000006 0.030468750000000003
2 0.199609375 0.8910156250000001 0.03828125 0.047656250000000004
2 0.362109375 0.921484375 0.030468750000000003 0.04453125
2 0.9484375 0.07382812500000001 0.034375 0.04296875
2 0.7640625000000001 0.048828125 0.035937500000000004 0.06015625
2 0.84140625 0.3921875 0.0578125 0.053125000000000006
2 0.7996093750000001 0.44609375 0.05234375 0.045312500000000006
2 0.88203125 0.581640625 0.046875 0.039843750000000004
2 0.9382812500000001 0.62890625 0.05625 0.037500000000000006
2 0.95234375 0.519921875 0.046875 0.03828125
2 0.8671875 0.606640625 0.0578125 0.022656250000000003
2 0.8070312500000001 0.7175781250000001 0.037500000000000006 0.06015625
2 0.7683593750000001 0.6703125000000001 0.02734375 0.035937500000000004
2 0.9921875 0.890625 0.015625 0.028125
