1 0.5027343750000001 0.19921875 0.34765625 0.3984375
2 0.32929687500000004 0.479296875 0.06015625 0.06015625
2 0.334765625 0.64765625 0.07109375 0.059375000000000004
2 0.633984375 0.524609375 0.08515625 0.039843750000000004
0 0.521484375 0.8453125 0.05234375 0.078125
2 0.321875 0.7425781250000001 0.045312500000000006 0.04296875
2 0.23125 0.5265625 0.05625 0.0734375
2 0.2609375 0.38398437500000004 0.05625 0.06171875
2 0.115234375 0.17890625000000002 0.05078125 0.0390625
2 0.770703125 0.43671875000000004 0.03359375 0.037500000000000006
2 0.9484375 0.8738281250000001 0.034375 0.04296875
2 0.7640625000000001 0.848828125 0.035937500000000004 0.06015625
