2 0.6312500000000001 0.032031250000000004 0.0390625 0.0484375
2 0.578515625 0.046875 0.049218750000000006 0.06406250000000001
2 0.6578125 0.091015625 0.045312500000000006 0.03359375
2 0.582421875 0.2171875 0.049218750000000006 0.05625
2 0.55625 0.275 0.078125 0.0734375
2 0.34765625 0.31875000000000003 0.045312500000000006 0.045312500000000006
2 0.417578125 0.470703125 0.041406250000000006 0.06171875
2 0.27187500000000003 0.54609375 0.0484375 0.034375
2 0.24960937500000002 0.591796875 0.041406250000000006 0.030468750000000003
2 0.199609375 0.6410156250000001 0.03828125 0.047656250000000004
2 0.362109375 0.671484375 0.030468750000000003 0.04453125
2 0.2421875 0.8203125 0.0484375 0.028125
2 0.84140625 0.1421875 0.0578125 0.053125000000000006
2 0.7996093750000001 0.19609375 0.05234375 0.045312500000000006
2 0.88203125 0.331640625 0.046875 0.039843750000000004
2 0.9382812500000001 0.37890625 0.05625 0.037500000000000006
2 0.95234375 0.26992187500000003 0.046875 0.03828125
2 0.8671875 0.35664062500000004 0.0578125 0.022656250000000003
2 0.8070312500000001 0.467578125 0.037500000000000006 0.06015625
2 0.7683593750000001 0.42031250000000003 0.02734375 0.035937500000000004
2 0.9921875 0.640625 0.015625 0.028125
