2 0.041406250000000006 0.1421875 0.0578125 0.053125000000000006
2 0.012890625000000001 0.19609375 0.025781250000000002 0.045312500000000006
2 0.45625000000000004 0.6449218750000001 0.1078125 0.07109375
2 0.503515625 0.523828125 0.05859375 0.05078125
2 0.49335937500000004 0.45742187500000003 0.049218750000000006 0.06171875
2 0.528515625 0.36875 0.07421875 0.0765625
2 0.52578125 0.29296875 0.0546875 0.035937500000000004
2 0.398046875 0.2390625 0.07265625 0.065625
2 0.08203125 0.331640625 0.046875 0.039843750000000004
2 0.13828125 0.37890625 0.05625 0.037500000000000006
2 0.15234375 0.26992187500000003 0.046875 0.03828125
2 0.32343750000000004 0.38359375 0.026562500000000003 0.043750000000000004
2 0.32343750000000004 0.31679687500000003 0.05625 0.02890625
2 0.0671875 0.35664062500000004 0.0578125 0.022656250000000003
2 0.012890625000000001 0.467578125 0.025781250000000002 0.06015625
2 0.25234375000000003 0.47695312500000003 0.035937500000000004 0.041406250000000006
2 0.215234375 0.5750000000000001 0.04296875 0.0484375
2 0.205078125 0.640625 0.041406250000000006 0.028125
2 0.287890625 0.7828125 0.030468750000000003 0.035937500000000004
2 0.398046875 0.841796875 0.02890625 0.05078125
2 0.32890625 0.84765625 0.034375 0.025
2 0.48867187500000003 0.790234375 0.017968750000000002 0.032031250000000004
2 0.373046875 0.70703125 0.030468750000000003 0.06875
2 0.5578125 0.812109375 0.045312500000000006 0.039843750000000004
2 0.55078125 0.117578125 0.045312500000000006 0.05078125
2 0.661328125 0.255859375 0.11171875 0.05078125
2 0.755859375 0.21328125 0.06796875000000001 0.06875
2 0.8933593750000001 0.19843750000000002 0.02890625 0.065625
2 0.952734375 0.208984375 0.09453125000000001 0.08984375
2 0.691015625 0.48828125 0.06015625 0.05625
2 0.626171875 0.49531250000000004 0.10078125 0.05625
2 0.805859375 0.63046875 0.06015625 0.0671875
2 0.827734375 0.54921875 0.06328125 0.0671875
2 0.67890625 0.559765625 0.0546875 0.030468750000000003
2 0.5652343750000001 0.625 0.05234375 0.05625
2 0.6726562500000001 0.804296875 0.059375000000000004 0.08203125
2 0.8296875 0.7875000000000001 0.034375 0.034375
2 0.624609375 0.6015625 0.04453125 0.0578125
2 0.76875 0.529296875 0.0234375 0.032031250000000004
2 0.9437500000000001 0.32539062500000004 0.035937500000000004 0.049218750000000006
2 0.716796875 0.39921875 0.05234375 0.034375
2 0.92109375 0.6371093750000001 0.028125 0.06171875
2 0.9453125 0.53515625 0.035937500000000004 0.043750000000000004
2 0.96640625 0.61640625 0.026562500000000003 0.035937500000000004
2 0.9710937500000001 0.34101562500000004 0.0390625 0.04296875
0 0.875 0.08867187500000001 0.0734375 0.07109375
