2 0.505078125 0.25625000000000003 0.07421875 0.0765625
2 0.6722656250000001 0.26875 0.04296875 0.05625
2 0.551171875 0.36367187500000003 0.041406250000000006 0.039843750000000004
2 0.29335937500000003 0.7523437500000001 0.05078125 0.046875
2 0.1484375 0.8738281250000001 0.034375 0.04296875
2 0.246484375 0.91953125 0.022656250000000003 0.037500000000000006
1 0.37929687500000003 0.5625 0.15546875000000002 0.30781250000000004
2 0.43593750000000003 0.887890625 0.0578125 0.11171875
2 0.7371093750000001 0.83359375 0.04296875 0.035937500000000004
2 0.9636718750000001 0.523046875 0.04296875 0.05234375
2 0.937109375 0.9171875 0.049218750000000006 0.05625
