2 0.1484375 0.07382812500000001 0.034375 0.04296875
2 0.246484375 0.11953125 0.022656250000000003 0.037500000000000006
2 0.43593750000000003 0.087890625 0.0578125 0.11171875
2 0.7371093750000001 0.03359375 0.04296875 0.035937500000000004
2 0.041406250000000006 0.3921875 0.0578125 0.053125000000000006
2 0.012890625000000001 0.44609375 0.025781250000000002 0.045312500000000006
2 0.45625000000000004 0.8949218750000001 0.1078125 0.07109375
2 0.503515625 0.7738281250000001 0.05859375 0.05078125
2 0.49335937500000004 0.7074218750000001 0.049218750000000006 0.06171875
2 0.528515625 0.61875 0.07421875 0.0765625
2 0.52578125 0.54296875 0.0546875 0.035937500000000004
2 0.398046875 0.4890625 0.07265625 0.065625
2 0.08203125 0.581640625 0.046875 0.039843750000000004
2 0.13828125 0.62890625 0.05625 0.037500000000000006
2 0.15234375 0.519921875 0.046875 0.03828125
2 0.32343750000000004 0.6335937500000001 0.026562500000000003 0.043750000000000004
2 0.32343750000000004 0.566796875 0.05625 0.02890625
2 0.0671875 0.606640625 0.0578125 0.022656250000000003
2 0.012890625000000001 0.7175781250000001 0.025781250000000002 0.06015625
2 0.25234375000000003 0.7269531250000001 0.035937500000000004 0.041406250000000006
2 0.215234375 0.8250000000000001 0.04296875 0.0484375
2 0.205078125 0.890625 0.041406250000000006 0.028125
2 0.373046875 0.95703125 0.030468750000000003 0.06875
2 0.55078125 0.36757812500000003 0.045312500000000006 0.05078125
2 0.661328125 0.505859375 0.11171875 0.05078125
2 0.755859375 0.46328125000000003 0.06796875000000001 0.06875
2 0.8933593750000001 0.44843750000000004 0.02890625 0.065625
2 0.952734375 0.458984375 0.09453125000000001 0.08984375
2 0.691015625 0.73828125 0.06015625 0.05625
2 0.626171875 0.7453125 0.10078125 0.05625
2 0.805859375 0.88046875 0.06015625 0.0671875
2 0.827734375 0.7992187500000001 0.06328125 0.0671875
2 0.67890625 0.809765625 0.0546875 0.030468750000000003
2 0.5652343750000001 0.875 0.05234375 0.05625
2 0.624609375 0.8515625 0.04453125 0.0578125
2 0.76875 0.779296875 0.0234375 0.032031250000000004
2 0.9437500000000001 0.575390625 0.035937500000000004 0.049218750000000006
2 0.716796875 0.6492187500000001 0.05234375 0.034375
2 0.92109375 0.8871093750000001 0.028125 0.06171875
2 0.9453125 0.78515625 0.035937500000000004 0.043750000000000004
2 0.96640625 0.86640625 0.026562500000000003 0.035937500000000004
2 0.9710937500000001 0.591015625 0.0390625 0.04296875
0 0.875 0.338671875 0.0734375 0.07109375
2 0.937109375 0.1171875 0.049218750000000006 0.05625
