2 0.09335937500000001 0.44843750000000004 0.02890625 0.065625
2 0.15546875000000002 0.458984375 0.1 0.08984375
2 0.017968750000000002 0.88046875 0.035937500000000004 0.0671875
2 0.029687500000000002 0.7992187500000001 0.059375000000000004 0.0671875
2 0.14375000000000002 0.575390625 0.035937500000000004 0.049218750000000006
2 0.12109375 0.8871093750000001 0.028125 0.06171875
2 0.1453125 0.78515625 0.035937500000000004 0.043750000000000004
2 0.16640625 0.86640625 0.026562500000000003 0.035937500000000004
2 0.38828125 0.34218750000000003 0.05625 0.08750000000000001
2 0.622265625 0.238671875 0.09921875000000001 0.06953125
2 0.319140625 0.416796875 0.11015625000000001 0.06015625
2 0.23750000000000002 0.43359375 0.09531250000000001 0.1453125
2 0.35703125 0.5203125000000001 0.059375000000000004 0.0859375
2 0.49648437500000003 0.38828125 0.05078125 0.07968750000000001
2 0.43476562500000004 0.41953125 0.041406250000000006 0.035937500000000004
2 0.2765625 0.552734375 0.07968750000000001 0.06171875
2 0.3515625 0.751953125 0.06406250000000001 0.04296875
2 0.380859375 0.71796875 0.041406250000000006 0.05625
2 0.48515625 0.6976562500000001 0.035937500000000004 0.037500000000000006
2 0.675 0.511328125 0.045312500000000006 0.049218750000000006
2 0.42617187500000003 0.7816406250000001 0.02421875 0.039843750000000004
2 0.49921875000000004 0.7621093750000001 0.034375 0.022656250000000003
2 0.17109375000000002 0.591015625 0.0390625 0.04296875
2 0.743359375 0.309375 0.03359375 0.05625
1 0.7953125000000001 0.55234375 0.1078125 0.309375
0 0.07500000000000001 0.338671875 0.0734375 0.07109375
2 0.77265625 0.0890625 0.034375 0.053125000000000006
2 0.471484375 0.109375 0.03828125 0.0484375
2 0.296875 0.22968750000000002 0.05 0.059375000000000004
2 0.52578125 0.262890625 0.046875 0.03828125
2 0.310546875 0.33671875 0.08203125 0.0671875
2 0.137109375 0.1171875 0.049218750000000006 0.05625
2 0.6312500000000001 0.169921875 0.035937500000000004 0.041406250000000006
2 0.9812500000000001 0.5734375 0.037500000000000006 0.045312500000000006
