2 0.09335937500000001 0.19843750000000002 0.02890625 0.065625
2 0.15546875000000002 0.208984375 0.1 0.08984375
2 0.017968750000000002 0.63046875 0.035937500000000004 0.0671875
2 0.029687500000000002 0.54921875 0.059375000000000004 0.0671875
2 0.029687500000000002 0.7875000000000001 0.034375 0.034375
2 0.14375000000000002 0.32539062500000004 0.035937500000000004 0.049218750000000006
2 0.12109375 0.6371093750000001 0.028125 0.06171875
2 0.1453125 0.53515625 0.035937500000000004 0.043750000000000004
2 0.16640625 0.61640625 0.026562500000000003 0.035937500000000004
2 0.38828125 0.0921875 0.05625 0.08750000000000001
2 0.622265625 0.01171875 0.09921875000000001 0.0234375
2 0.319140625 0.166796875 0.11015625000000001 0.06015625
2 0.23750000000000002 0.18359375 0.09531250000000001 0.1453125
2 0.35703125 0.2703125 0.059375000000000004 0.0859375
2 0.49648437500000003 0.13828125 0.05078125 0.07968750000000001
2 0.43476562500000004 0.16953125000000002 0.041406250000000006 0.035937500000000004
2 0.2765625 0.302734375 0.07968750000000001 0.06171875
2 0.3515625 0.501953125 0.06406250000000001 0.04296875
2 0.380859375 0.46796875000000004 0.041406250000000006 0.05625
2 0.48515625 0.44765625000000003 0.035937500000000004 0.037500000000000006
2 0.675 0.261328125 0.045312500000000006 0.049218750000000006
2 0.5613281250000001 0.8132812500000001 0.05859375 0.078125
2 0.88828125 0.7761718750000001 0.028125 0.06328125
2 0.42617187500000003 0.531640625 0.02421875 0.039843750000000004
2 0.49921875000000004 0.512109375 0.034375 0.022656250000000003
2 0.17109375000000002 0.34101562500000004 0.0390625 0.04296875
2 0.743359375 0.059375000000000004 0.03359375 0.05625
1 0.7953125000000001 0.30234375 0.1078125 0.309375
0 0.07500000000000001 0.08867187500000001 0.0734375 0.07109375
2 0.52578125 0.016015625000000002 0.046875 0.032031250000000004
2 0.310546875 0.08671875000000001 0.08203125 0.0671875
2 0.9812500000000001 0.32343750000000004 0.037500000000000006 0.045312500000000006
