0 0.525 0.765234375 0.045312500000000006 0.06328125
1 0.7765625 0.532421875 0.16718750000000002 0.18984375
2 0.77265625 0.8890625000000001 0.034375 0.053125000000000006
2 0.471484375 0.909375 0.03828125 0.0484375
2 0.263671875 0.568359375 0.08359375000000001 0.06484375
2 0.16367187500000002 0.523046875 0.04296875 0.05234375
2 0.137109375 0.9171875 0.049218750000000006 0.05625
0 0.7820312500000001 0.30390625000000004 0.037500000000000006 0.0546875
2 0.6492187500000001 0.381640625 0.045312500000000006 0.07265625
2 0.48085937500000003 0.34023437500000003 0.049218750000000006 0.049218750000000006
2 0.48984375 0.29140625000000003 0.045312500000000006 0.035937500000000004
2 0.405859375 0.046484375 0.05078125 0.06015625
2 0.6312500000000001 0.969921875 0.035937500000000004 0.041406250000000006
