2 0.30625 0.154296875 0.0671875 0.041406250000000006
2 0.25546875 0.184375 0.035937500000000004 0.046875
2 0.01171875 0.34375 0.0234375 0.0546875
2 0.32265625000000003 0.589453125 0.059375000000000004 0.05390625
2 0.248828125 0.6003906250000001 0.03828125 0.032031250000000004
2 0.319140625 0.6937500000000001 0.08203125 0.059375000000000004
2 0.004296875 0.6875 0.00859375 0.035937500000000004
2 0.78671875 0.19882812500000002 0.034375 0.039843750000000004
0 0.7367187500000001 0.46406250000000004 0.037500000000000006 0.037500000000000006
0 0.7644531250000001 0.6875 0.03359375 0.0484375
0 0.7234375000000001 0.9085937500000001 0.026562500000000003 0.0390625
