2 0.014843750000000001 0.091796875 0.029687500000000002 0.04453125
2 0.300390625 0.1390625 0.05390625 0.0578125
0 0.419921875 0.7054687500000001 0.12265625000000001 0.1484375
2 0.848828125 0.0703125 0.02890625 0.035937500000000004
2 0.73046875 0.21210937500000002 0.046875 0.05078125
2 0.89765625 0.15859375 0.018750000000000003 0.0328125
2 0.632421875 0.498828125 0.04296875 0.05390625
2 0.7269531250000001 0.30390625000000004 0.05078125 0.045312500000000006
2 0.9402343750000001 0.982421875 0.03828125 0.03515625
2 0.6414062500000001 0.907421875 0.035937500000000004 0.032031250000000004
