2 0.80078125 0.655859375 0.059375000000000004 0.06171875
2 0.560546875 0.38125000000000003 0.08203125 0.078125
2 0.7000000000000001 0.3671875 0.028125 0.035937500000000004
2 0.794921875 0.30976562500000004 0.041406250000000006 0.02890625
2 0.8406250000000001 0.33125000000000004 0.046875 0.045312500000000006
2 0.30781250000000004 0.353125 0.035937500000000004 0.037500000000000006
2 0.833984375 0.41445312500000003 0.10078125 0.09296875
2 0.81015625 0.830078125 0.034375 0.049218750000000006
2 0.8015625000000001 0.757421875 0.028125 0.032031250000000004
2 0.75546875 0.9871093750000001 0.0546875 0.025781250000000002
1 0.1078125 0.900390625 0.215625 0.19921875
