1 0.101953125 0.394140625 0.20390625 0.6195312500000001
2 0.021484375 0.8421875000000001 0.04296875 0.065625
2 0.6179687500000001 0.26640625 0.0859375 0.11406250000000001
2 0.55390625 0.34414062500000003 0.043750000000000004 0.05078125
2 0.283203125 0.3765625 0.041406250000000006 0.059375000000000004
2 0.251171875 0.8304687500000001 0.032031250000000004 0.035937500000000004
2 0.8699218750000001 0.935546875 0.039843750000000004 0.05859375
2 0.702734375 0.546484375 0.07109375 0.06328125
2 0.783203125 0.32656250000000003 0.02890625 0.018750000000000003
2 0.8816406250000001 0.69453125 0.10078125 0.046875
2 0.907421875 0.8031250000000001 0.06015625 0.026562500000000003
