0 0.4609375 0.9320312500000001 0.035937500000000004 0.0484375
0 0.70703125 0.582421875 0.0328125 0.03359375
0 0.537109375 0.843359375 0.032031250000000004 0.022656250000000003
2 0.3921875 0.4234375 0.045312500000000006 0.045312500000000006
0 0.35664062500000004 0.22031250000000002 0.03828125 0.037500000000000006
2 0.501953125 0.41718750000000004 0.032031250000000004 0.025
2 0.724609375 0.536328125 0.03828125 0.03359375
2 0.925390625 0.491015625 0.039843750000000004 0.05078125
1 0.7332031250000001 0.78828125 0.29453125 0.309375
1 0.779296875 0.9437500000000001 0.24296875 0.1125
2 0.274609375 0.30507812500000003 0.04296875 0.039843750000000004
