1 0.050390625 0.36328125 0.10078125 0.5515625000000001
2 0.009765625 0.8140625 0.01953125 0.045312500000000006
2 0.612890625 0.26328125 0.07890625000000001 0.096875
2 0.451953125 0.27421875 0.06015625 0.0484375
2 0.512109375 0.41914062500000004 0.04296875 0.04296875
2 0.587109375 0.413671875 0.041406250000000006 0.04296875
2 0.683203125 0.521875 0.07109375 0.059375000000000004
2 0.37265625 0.47109375000000003 0.0484375 0.043750000000000004
2 0.260546875 0.36640625000000004 0.05078125 0.0671875
2 0.8503906250000001 0.9222656250000001 0.047656250000000004 0.04296875
2 0.876171875 0.6800781250000001 0.032031250000000004 0.039843750000000004
2 0.244140625 0.8234375 0.06171875 0.05625
2 0.8968750000000001 0.7972656250000001 0.053125000000000006 0.041406250000000006
