0 0.35664062500000004 0.083984375 0.02890625 0.041406250000000006
2 0.30195312500000004 0.10312500000000001 0.041406250000000006 0.043750000000000004
2 0.515625 0.11875000000000001 0.10625000000000001 0.045312500000000006
2 0.053515625000000004 0.18984375 0.039843750000000004 0.046875
0 0.9476562500000001 0.6042968750000001 0.1046875 0.22265625
2 0.7375 0.892578125 0.043750000000000004 0.030468750000000003
2 0.5859375 0.8929687500000001 0.0390625 0.045312500000000006
2 0.9066406250000001 0.9925781250000001 0.05234375 0.014843750000000001
2 0.6828125 0.09335937500000001 0.034375 0.02890625
2 0.7640625000000001 0.19882812500000002 0.034375 0.032031250000000004
