2 0.30976562500000004 0.031640625 0.047656250000000004 0.06328125
2 0.365234375 0.221484375 0.047656250000000004 0.06171875
2 0.31171875000000004 0.22031250000000002 0.0390625 0.05625
2 0.5066406250000001 0.17890625000000002 0.03359375 0.028125
2 0.47187500000000004 0.0484375 0.026562500000000003 0.0234375
2 0.168359375 0.070703125 0.030468750000000003 0.03828125
2 0.1546875 0.16875 0.028125 0.026562500000000003
2 0.11953125 0.216796875 0.028125 0.03359375
2 0.083984375 0.17421875 0.05078125 0.037500000000000006
2 0.028125 0.27773437500000003 0.037500000000000006 0.04453125
2 0.4890625 0.46718750000000003 0.0328125 0.035937500000000004
2 0.815625 0.641796875 0.037500000000000006 0.041406250000000006
2 0.7765625 0.287109375 0.035937500000000004 0.039843750000000004
