2 0.067578125 0.1765625 0.05390625 0.034375
2 0.071484375 0.024609375000000003 0.04296875 0.02109375
2 0.303515625 0.030859375 0.030468750000000003 0.049218750000000006
2 0.260546875 0.021875000000000002 0.030468750000000003 0.043750000000000004
2 0.28046875 0.091796875 0.035937500000000004 0.041406250000000006
2 0.126953125 0.566796875 0.032031250000000004 0.049218750000000006
2 0.43359375 0.283203125 0.0328125 0.02890625
2 0.455078125 0.014843750000000001 0.041406250000000006 0.029687500000000002
2 0.727734375 0.09296875 0.039843750000000004 0.045312500000000006
2 0.7703125000000001 0.45820312500000004 0.046875 0.05078125
