2 0.27109375 0.095703125 0.046875 0.05234375
2 0.067578125 0.4265625 0.05390625 0.034375
2 0.12460937500000001 0.134765625 0.06171875 0.03828125
2 0.031640625 0.23164062500000002 0.022656250000000003 0.02890625
2 0.101953125 0.22421875000000002 0.030468750000000003 0.035937500000000004
2 0.071484375 0.274609375 0.04296875 0.02109375
2 0.303515625 0.280859375 0.030468750000000003 0.049218750000000006
2 0.260546875 0.271484375 0.030468750000000003 0.04453125
2 0.28046875 0.341796875 0.035937500000000004 0.041406250000000006
2 0.126953125 0.8167968750000001 0.032031250000000004 0.049218750000000006
2 0.43359375 0.533203125 0.0328125 0.02890625
2 0.455078125 0.24960937500000002 0.041406250000000006 0.06015625
2 0.43359375 0.11796875000000001 0.046875 0.034375
2 0.21210937500000002 0.015625 0.032031250000000004 0.03125
2 0.234765625 0.035937500000000004 0.06015625 0.035937500000000004
2 0.727734375 0.34296875000000004 0.039843750000000004 0.045312500000000006
2 0.7703125000000001 0.708203125 0.046875 0.05078125
