2 0.118359375 0.195703125 0.06953125 0.04453125
2 0.7761718750000001 0.25703125 0.022656250000000003 0.045312500000000006
2 0.7292968750000001 0.251953125 0.02109375 0.02109375
2 0.6941406250000001 0.2578125 0.032031250000000004 0.028125
2 0.6531250000000001 0.29375 0.035937500000000004 0.037500000000000006
2 0.50703125 0.40625 0.028125 0.026562500000000003
2 0.8675781250000001 0.4265625 0.05390625 0.034375
2 0.7722656250000001 0.340625 0.049218750000000006 0.035937500000000004
2 0.9246093750000001 0.134765625 0.06171875 0.03828125
2 0.831640625 0.23164062500000002 0.022656250000000003 0.02890625
2 0.901953125 0.22421875000000002 0.030468750000000003 0.035937500000000004
2 0.8714843750000001 0.274609375 0.04296875 0.02109375
2 0.926953125 0.8167968750000001 0.032031250000000004 0.049218750000000006
