2 0.230859375 0.405078125 0.04296875 0.02734375
2 0.284375 0.421484375 0.0734375 0.13046875
2 0.37031250000000004 0.253515625 0.06406250000000001 0.03828125
2 0.5828125000000001 0.5234375 0.045312500000000006 0.06406250000000001
2 0.49765625 0.5328125 0.037500000000000006 0.037500000000000006
2 0.49335937500000004 0.8773437500000001 0.06171875 0.0546875
0 0.539453125 0.9476562500000001 0.04296875 0.046875
2 0.634765625 0.9558593750000001 0.06015625 0.08203125
0 0.9574218750000001 0.56953125 0.030468750000000003 0.037500000000000006
2 0.94296875 0.823828125 0.037500000000000006 0.04296875
