2 0.16171875000000002 0.15390625000000002 0.026562500000000003 0.034375
2 0.08281250000000001 0.126953125 0.035937500000000004 0.032031250000000004
2 0.14765625000000002 0.312109375 0.028125 0.05078125
2 0.073046875 0.40664062500000003 0.01171875 0.02109375
2 0.597265625 0.28828125 0.05234375 0.0484375
2 0.23125 0.26640625 0.037500000000000006 0.034375
2 0.511328125 0.31640625 0.039843750000000004 0.015625
2 0.73203125 0.574609375 0.0484375 0.06015625
2 0.371875 0.476171875 0.037500000000000006 0.04296875
2 0.612890625 0.79296875 0.039843750000000004 0.037500000000000006
