0 0.444140625 0.242578125 0.03359375 0.049218750000000006
2 0.60859375 0.019140625 0.0484375 0.03828125
2 0.14296875 0.023828125000000002 0.037500000000000006 0.04296875
2 0.357421875 0.21054687500000002 0.06015625 0.039843750000000004
0 0.48085937500000003 0.12265625000000001 0.01953125 0.018750000000000003
0 0.37031250000000004 0.110546875 0.034375 0.039843750000000004
0 0.753515625 0.22617187500000002 0.02109375 0.02734375
0 0.741796875 0.24570312500000002 0.030468750000000003 0.032031250000000004
2 0.9617187500000001 0.15390625000000002 0.026562500000000003 0.034375
2 0.8828125 0.126953125 0.035937500000000004 0.032031250000000004
2 0.9476562500000001 0.312109375 0.028125 0.05078125
2 0.7890625 0.21015625000000002 0.035937500000000004 0.035937500000000004
2 0.873046875 0.40664062500000003 0.01171875 0.02109375
2 0.7796875000000001 0.373046875 0.046875 0.05078125
2 0.339453125 0.720703125 0.02890625 0.02890625
2 0.6640625 0.753125 0.045312500000000006 0.06406250000000001
2 0.48828125 0.88203125 0.05625 0.05625
