0 0.45234375000000004 0.244140625 0.025 0.03828125
0 0.15742187500000002 0.56953125 0.030468750000000003 0.037500000000000006
0 0.33125000000000004 0.58984375 0.0484375 0.045312500000000006
2 0.24726562500000002 0.661328125 0.02890625 0.032031250000000004
2 0.378515625 0.65625 0.08359375000000001 0.037500000000000006
2 0.7644531250000001 0.72578125 0.032031250000000004 0.0390625
2 0.60859375 0.8109375000000001 0.0484375 0.0546875
2 0.31289062500000003 0.7503906250000001 0.022656250000000003 0.041406250000000006
2 0.14296875 0.823828125 0.037500000000000006 0.04296875
2 0.357421875 0.9953125 0.06015625 0.009375000000000001
0 0.48085937500000003 0.9226562500000001 0.01953125 0.018750000000000003
0 0.37031250000000004 0.9105468750000001 0.034375 0.039843750000000004
2 0.9617187500000001 0.9539062500000001 0.026562500000000003 0.034375
2 0.8828125 0.926953125 0.035937500000000004 0.032031250000000004
2 0.7890625 0.99609375 0.035937500000000004 0.0078125
