2 0.1265625 0.037500000000000006 0.046875 0.0546875
0 0.433203125 0.252734375 0.04296875 0.049218750000000006
0 0.7410156250000001 0.22578125000000002 0.03828125 0.035937500000000004
0 0.7269531250000001 0.2609375 0.05078125 0.05
2 0.33984375 0.217578125 0.0484375 0.06796875000000001
2 0.6078125000000001 0.044140625 0.05625 0.08828125
2 0.64765625 0.7738281250000001 0.0625 0.07890625000000001
2 0.345703125 0.7390625000000001 0.041406250000000006 0.045312500000000006
2 0.291015625 0.8234375 0.04296875 0.05625
2 0.357421875 0.90234375 0.04296875 0.05
2 0.35664062500000004 0.121484375 0.03359375 0.03828125
2 0.47109375000000003 0.13593750000000002 0.026562500000000003 0.037500000000000006
0 0.972265625 0.1484375 0.055468750000000004 0.0578125
0 0.9945312500000001 0.269140625 0.010937500000000001 0.022656250000000003
0 0.868359375 0.41718750000000004 0.02890625 0.026562500000000003
0 0.8914062500000001 0.53828125 0.06406250000000001 0.035937500000000004
0 0.934765625 0.3171875 0.039843750000000004 0.06406250000000001
0 0.8617187500000001 0.14296875 0.034375 0.035937500000000004
0 0.7878906250000001 0.21953125 0.03359375 0.045312500000000006
