2 0.46601562500000004 0.09531250000000001 0.05390625 0.045312500000000006
2 0.6351562500000001 0.170703125 0.0484375 0.06171875
0 0.5300781250000001 0.1640625 0.022656250000000003 0.034375
0 0.5496093750000001 0.47734375 0.05078125 0.0578125
0 0.5281250000000001 0.25429687500000003 0.034375 0.049218750000000006
0 0.495703125 0.148046875 0.02890625 0.02890625
0 0.49765625 0.7609375 0.035937500000000004 0.045312500000000006
2 0.23671875 0.30976562500000004 0.0546875 0.05234375
2 0.9265625000000001 0.037500000000000006 0.046875 0.0546875
2 0.44296875 0.614453125 0.0671875 0.07421875
