0 0.1765625 0.1484375 0.06406250000000001 0.0578125
0 0.21054687500000002 0.269140625 0.04296875 0.022656250000000003
0 0.5765625 0.29140625000000003 0.028125 0.0234375
0 0.068359375 0.41718750000000004 0.02890625 0.026562500000000003
0 0.09140625000000001 0.53828125 0.06406250000000001 0.035937500000000004
0 0.134765625 0.3171875 0.039843750000000004 0.06406250000000001
0 0.06171875 0.14296875 0.034375 0.035937500000000004
0 0.72265625 0.575390625 0.0390625 0.04296875
2 0.6109375 0.794140625 0.045312500000000006 0.049218750000000006
2 0.498046875 0.31640625 0.04453125 0.05
2 0.275 0.32460937500000003 0.035937500000000004 0.041406250000000006
