2 0.35703125 0.26796875000000003 0.043750000000000004 0.0390625
2 0.566015625 0.548828125 0.05078125 0.06953125
2 0.46601562500000004 0.8953125000000001 0.05390625 0.045312500000000006
2 0.6351562500000001 0.969921875 0.0484375 0.06015625
0 0.21640625000000002 0.427734375 0.046875 0.041406250000000006
0 0.5300781250000001 0.9640625 0.022656250000000003 0.034375
0 0.495703125 0.9480468750000001 0.02890625 0.02890625
2 0.7351562500000001 0.12812500000000002 0.053125000000000006 0.026562500000000003
2 0.9382812500000001 0.577734375 0.034375 0.07109375
2 0.8265625000000001 0.201171875 0.09843750000000001 0.06171875
2 0.48750000000000004 0.562890625 0.06406250000000001 0.07421875
2 0.9265625000000001 0.8375 0.046875 0.0546875
