2 0.13828125 0.577734375 0.034375 0.07109375
2 0.366796875 0.665625 0.11015625000000001 0.065625
2 0.31679687500000003 0.5906250000000001 0.032031250000000004 0.034375
2 0.23046875 0.665234375 0.05625 0.05390625
2 0.310546875 0.759765625 0.06015625 0.04296875
2 0.037890625000000004 0.201171875 0.07578125000000001 0.06171875
0 0.432421875 0.256640625 0.030468750000000003 0.04296875
2 0.1265625 0.8375 0.046875 0.0546875
2 0.33984375 0.991796875 0.0484375 0.01640625
2 0.6078125000000001 0.8382812500000001 0.05625 0.1
2 0.35664062500000004 0.921484375 0.03359375 0.03828125
2 0.47109375000000003 0.9359375000000001 0.026562500000000003 0.037500000000000006
0 0.972265625 0.9484375 0.055468750000000004 0.0578125
0 0.8617187500000001 0.94296875 0.034375 0.035937500000000004
