2 0.03515625 0.27734375 0.043750000000000004 0.046875
2 0.014453125 0.42226562500000003 0.02890625 0.03828125
2 0.01640625 0.58125 0.0328125 0.053125000000000006
2 0.0921875 0.6015625 0.046875 0.034375
2 0.0234375 0.7421875 0.037500000000000006 0.05625
2 0.06953125 0.81796875 0.045312500000000006 0.037500000000000006
2 0.21250000000000002 0.307421875 0.0546875 0.06015625
2 0.274609375 0.6820312500000001 0.049218750000000006 0.05
2 0.416796875 0.585546875 0.049218750000000006 0.05078125
0 0.34414062500000003 0.8625 0.05078125 0.037500000000000006
2 0.7292968750000001 0.8695312500000001 0.05234375 0.045312500000000006
