2 0.06953125 0.018359375 0.045312500000000006 0.03671875
1 0.029296875 0.49765625 0.05859375 0.12812500000000002
0 0.34414062500000003 0.0625 0.05078125 0.037500000000000006
2 0.7292968750000001 0.06953125 0.05234375 0.045312500000000006
0 0.7671875 0.4109375 0.0328125 0.035937500000000004
0 0.45859375 0.29335937500000003 0.028125 0.049218750000000006
0 0.5 0.32109375 0.037500000000000006 0.034375
2 0.29609375 0.983984375 0.0578125 0.032031250000000004
2 0.9613281250000001 0.728125 0.02890625 0.026562500000000003
2 0.49765625 0.56640625 0.046875 0.046875
