0 0.012109375 0.828125 0.02421875 0.0578125
2 0.18281250000000002 0.6921875000000001 0.06406250000000001 0.059375000000000004
0 0.016796875 0.614453125 0.03359375 0.030468750000000003
0 0.265234375 0.8695312500000001 0.039843750000000004 0.0484375
2 0.594140625 0.8445312500000001 0.032031250000000004 0.046875
2 0.1421875 0.328125 0.037500000000000006 0.0484375
2 0.6515625 0.589453125 0.09843750000000001 0.05859375
2 0.340625 0.593359375 0.0546875 0.039843750000000004
2 0.6609375000000001 0.870703125 0.035937500000000004 0.05390625
2 0.6195312500000001 0.6429687500000001 0.0765625 0.0671875
2 0.84296875 0.573828125 0.0765625 0.039843750000000004
