0 0.45625000000000004 0.9812500000000001 0.05625 0.026562500000000003
0 0.40664062500000003 0.9050781250000001 0.05234375 0.05234375
0 0.34609375000000003 0.8625 0.025 0.034375
0 0.2484375 0.8617187500000001 0.025 0.028125
0 0.115234375 0.909765625 0.032031250000000004 0.02890625
2 0.20390625 0.9921875 0.043750000000000004 0.015625
0 0.012109375 0.028515625000000003 0.02421875 0.057031250000000006
0 0.195703125 0.294140625 0.03828125 0.02421875
0 0.38046875 0.30625 0.0234375 0.037500000000000006
0 0.265234375 0.06953125 0.039843750000000004 0.0484375
2 0.594140625 0.04453125 0.032031250000000004 0.046875
2 0.6609375000000001 0.070703125 0.035937500000000004 0.05390625
0 0.68671875 0.43359375 0.0484375 0.046875
2 0.985546875 0.4578125 0.02890625 0.046875
2 0.88828125 0.7453125 0.045312500000000006 0.043750000000000004
