2 0.055468750000000004 0.8421875000000001 0.0484375 0.045312500000000006
0 0.08984375 0.162890625 0.046875 0.04296875
0 0.17578125 0.166796875 0.0234375 0.039843750000000004
2 0.550390625 0.02421875 0.16171875000000002 0.0484375
2 0.377734375 0.2234375 0.08984375 0.05625
2 0.36015625 0.294921875 0.065625 0.039843750000000004
2 0.607421875 0.22109375 0.030468750000000003 0.028125
2 0.671484375 0.225390625 0.041406250000000006 0.05234375
2 0.91171875 0.89375 0.05625 0.0390625
2 0.603515625 0.7742187500000001 0.030468750000000003 0.06875
2 0.29921875000000003 0.940625 0.046875 0.0546875
