2 0.4140625 0.304296875 0.045312500000000006 0.03828125
2 0.34296875000000004 0.448828125 0.035937500000000004 0.041406250000000006
2 0.21250000000000002 0.40156250000000004 0.05625 0.0546875
2 0.8871093750000001 0.06992187500000001 0.08203125 0.13984375000000002
2 0.7058593750000001 0.41718750000000004 0.08203125 0.0671875
2 0.706640625 0.28046875 0.039843750000000004 0.037500000000000006
2 0.896484375 0.524609375 0.041406250000000006 0.041406250000000006
2 0.812109375 0.5578125 0.05390625 0.0671875
2 0.971875 0.54453125 0.05625 0.1046875
2 0.9859375 0.11015625000000001 0.028125 0.059375000000000004
