2 0.01640625 0.444921875 0.0328125 0.05859375
2 0.479296875 0.36054687500000004 0.07421875 0.05234375
2 0.6781250000000001 0.299609375 0.046875 0.041406250000000006
2 0.544140625 0.273046875 0.03359375 0.032031250000000004
2 0.5828125000000001 0.5789062500000001 0.037500000000000006 0.05625
2 0.73359375 0.748046875 0.035937500000000004 0.05078125
2 0.812109375 0.41718750000000004 0.04453125 0.06875
2 0.751171875 0.2703125 0.03359375 0.034375
2 0.38046875 0.28945312500000003 0.035937500000000004 0.02421875
2 0.9382812500000001 0.34921875 0.034375 0.046875
2 0.81796875 0.30859375 0.026562500000000003 0.0390625
2 0.788671875 0.7625000000000001 0.030468750000000003 0.037500000000000006
