2 0.087109375 0.2859375 0.08203125 0.2078125
2 0.055468750000000004 0.0421875 0.0484375 0.045312500000000006
2 0.09648437500000001 0.774609375 0.041406250000000006 0.041406250000000006
2 0.01953125 0.8078125 0.0390625 0.0671875
2 0.17304687500000002 0.79453125 0.05859375 0.1046875
2 0.22226562500000002 0.62109375 0.041406250000000006 0.05625
2 0.19453125000000002 0.36015625 0.045312500000000006 0.059375000000000004
2 0.91171875 0.09375 0.05625 0.0390625
2 0.29921875000000003 0.140625 0.046875 0.0546875
2 0.5125000000000001 0.37734375000000003 0.05625 0.0546875
2 0.26992187500000003 0.581640625 0.04296875 0.041406250000000006
2 0.8207031250000001 0.36367187500000003 0.039843750000000004 0.041406250000000006
