2 0.53046875 0.19140625 0.06406250000000001 0.046875
2 0.4140625 0.554296875 0.045312500000000006 0.03828125
2 0.34296875000000004 0.698828125 0.035937500000000004 0.041406250000000006
2 0.21250000000000002 0.6515625 0.05625 0.0546875
2 0.8871093750000001 0.2859375 0.08203125 0.2078125
2 0.85546875 0.0421875 0.0484375 0.045312500000000006
2 0.7058593750000001 0.6671875 0.08203125 0.0671875
2 0.706640625 0.53046875 0.039843750000000004 0.037500000000000006
2 0.896484375 0.774609375 0.041406250000000006 0.041406250000000006
2 0.812109375 0.8078125 0.05390625 0.0671875
2 0.971875 0.79453125 0.05625 0.1046875
2 0.9859375 0.36015625 0.028125 0.059375000000000004
