2 0.0171875 0.41718750000000004 0.034375 0.06875
2 0.55078125 0.3140625 0.0671875 0.10625000000000001
2 0.421484375 0.434375 0.041406250000000006 0.046875
2 0.26406250000000003 0.31875000000000003 0.06406250000000001 0.053125000000000006
2 0.13828125 0.34921875 0.034375 0.046875
2 0.017968750000000002 0.30859375 0.026562500000000003 0.0390625
2 0.26601562500000003 0.962109375 0.049218750000000006 0.05234375
2 0.5828125000000001 0.8324218750000001 0.046875 0.041406250000000006
2 0.528515625 0.7671875 0.06015625 0.06875
2 0.47304687500000003 0.48515625 0.06015625 0.037500000000000006
2 0.911328125 0.39101562500000003 0.06015625 0.06328125
2 0.6375000000000001 0.30859375 0.018750000000000003 0.028125
2 0.8714843750000001 0.59609375 0.02109375 0.029687500000000002
0 0.88984375 0.962890625 0.046875 0.04296875
2 0.7796875000000001 0.958984375 0.037500000000000006 0.05078125
0 0.97578125 0.966796875 0.0234375 0.039843750000000004
