2 0.516015625 0.256640625 0.06953125 0.05234375
2 0.39179687500000004 0.12460937500000001 0.09140625000000001 0.11328125
2 0.851171875 0.3296875 0.10390625 0.1953125
0 0.951171875 0.47109375000000003 0.06015625 0.06406250000000001
0 0.8382812500000001 0.09257812500000001 0.037500000000000006 0.041406250000000006
2 0.689453125 0.59140625 0.039843750000000004 0.0484375
2 0.663671875 0.72421875 0.09453125000000001 0.05625
2 0.935546875 0.68671875 0.05390625 0.046875
2 0.876171875 0.8445312500000001 0.08046875 0.07500000000000001
2 0.189453125 0.708984375 0.06015625 0.05078125
2 0.40859375000000003 0.6292968750000001 0.0578125 0.05390625
2 0.501171875 0.58125 0.04296875 0.046875
2 0.32890625 0.757421875 0.035937500000000004 0.041406250000000006
2 0.9261718750000001 0.0328125 0.05078125 0.05625
2 0.99140625 0.67734375 0.0171875 0.045312500000000006
