2 0.5222656250000001 0.029687500000000002 0.04453125 0.046875
2 0.5906250000000001 0.07500000000000001 0.045312500000000006 0.05625
2 0.71796875 0.125 0.037500000000000006 0.07500000000000001
2 0.523046875 0.18320312500000002 0.05078125 0.04296875
2 0.193359375 0.288671875 0.03359375 0.02890625
2 0.40390625 0.269140625 0.015625 0.041406250000000006
2 0.400390625 0.40156250000000004 0.06015625 0.028125
2 0.328125 0.4375 0.045312500000000006 0.0484375
2 0.794140625 0.355078125 0.06328125 0.07265625
0 0.89375 0.22578125000000002 0.045312500000000006 0.035937500000000004
0 0.9675781250000001 0.229296875 0.022656250000000003 0.032031250000000004
0 0.6785156250000001 0.55 0.04296875 0.037500000000000006
0 0.1546875 0.597265625 0.05625 0.05859375
1 0.26640625 0.5964843750000001 0.16562500000000002 0.07109375
2 0.509375 0.544921875 0.045312500000000006 0.041406250000000006
2 0.39179687500000004 0.9246093750000001 0.09140625000000001 0.11328125
0 0.8382812500000001 0.892578125 0.037500000000000006 0.041406250000000006
2 0.51015625 0.6253906250000001 0.11406250000000001 0.08046875
2 0.65546875 0.61328125 0.045312500000000006 0.045312500000000006
2 0.921484375 0.665625 0.03828125 0.0578125
2 0.9261718750000001 0.8328125000000001 0.05078125 0.05625
