2 0.010546875 0.48203125 0.02109375 0.05625
2 0.538671875 0.312109375 0.022656250000000003 0.03359375
2 0.47734375 0.404296875 0.0484375 0.06015625
2 0.65625 0.36875 0.035937500000000004 0.0765625
2 0.736328125 0.32421875 0.06015625 0.0578125
2 0.8046875 0.45078125 0.053125000000000006 0.045312500000000006
2 0.576171875 0.62890625 0.05078125 0.0546875
2 0.8074218750000001 0.35664062500000004 0.039843750000000004 0.041406250000000006
2 0.736328125 0.802734375 0.049218750000000006 0.05859375
2 0.9453125 0.396484375 0.037500000000000006 0.022656250000000003
2 0.792578125 0.8140625 0.02109375 0.026562500000000003
