2 0.012890625000000001 0.355078125 0.025781250000000002 0.07265625
0 0.09375 0.22578125000000002 0.045312500000000006 0.035937500000000004
0 0.16757812500000002 0.229296875 0.022656250000000003 0.032031250000000004
0 0.03828125 0.892578125 0.037500000000000006 0.041406250000000006
2 0.121484375 0.665625 0.03828125 0.0578125
2 0.12617187500000002 0.8328125000000001 0.05078125 0.05625
2 0.5574218750000001 0.032031250000000004 0.17578125 0.06406250000000001
2 0.663671875 0.29453125 0.030468750000000003 0.0671875
2 0.60078125 0.27773437500000003 0.045312500000000006 0.06015625
2 0.350390625 0.278125 0.10234375000000001 0.07500000000000001
2 0.34804687500000003 0.357421875 0.07109375 0.041406250000000006
2 0.848828125 0.7390625000000001 0.030468750000000003 0.0578125
2 0.6000000000000001 0.837109375 0.0390625 0.047656250000000004
2 0.280078125 0.9890625000000001 0.05390625 0.021875000000000002
2 0.7054687500000001 0.9796875 0.065625 0.040625
2 0.642578125 0.958203125 0.05859375 0.07109375
2 0.8894531250000001 0.984375 0.05234375 0.03125
