2 0.015625 0.45078125 0.03125 0.045312500000000006
2 0.013671875 0.35664062500000004 0.02734375 0.041406250000000006
2 0.1453125 0.396484375 0.037500000000000006 0.022656250000000003
2 0.264453125 0.36953125000000003 0.04296875 0.0390625
2 0.5398437500000001 0.353125 0.06875 0.08750000000000001
2 0.420703125 0.48867187500000003 0.041406250000000006 0.05234375
2 0.671875 0.55625 0.034375 0.046875
2 0.8992187500000001 0.44375000000000003 0.045312500000000006 0.0546875
2 0.5222656250000001 0.8296875 0.04453125 0.046875
2 0.5906250000000001 0.875 0.045312500000000006 0.05625
2 0.71796875 0.925 0.037500000000000006 0.07500000000000001
2 0.45390625 0.578515625 0.026562500000000003 0.039843750000000004
2 0.523046875 0.9808593750000001 0.05078125 0.03828125
