2 0.516015625 0.01640625 0.06953125 0.0328125
2 0.851171875 0.08867187500000001 0.10390625 0.17734375000000002
0 0.951171875 0.22109375 0.06015625 0.06406250000000001
2 0.689453125 0.34140625 0.039843750000000004 0.0484375
2 0.663671875 0.47421875 0.09453125000000001 0.05625
2 0.935546875 0.43671875000000004 0.05390625 0.046875
2 0.876171875 0.5945312500000001 0.08046875 0.07500000000000001
2 0.189453125 0.458984375 0.06015625 0.05078125
2 0.40859375000000003 0.37929687500000003 0.0578125 0.05390625
2 0.501171875 0.33125000000000004 0.04296875 0.046875
2 0.32890625 0.507421875 0.035937500000000004 0.041406250000000006
2 0.99140625 0.42734375 0.0171875 0.045312500000000006
