2 0.051562500000000004 0.3296875 0.10312500000000001 0.1953125
0 0.151171875 0.47109375000000003 0.06015625 0.06406250000000001
0 0.03828125 0.09257812500000001 0.037500000000000006 0.041406250000000006
2 0.135546875 0.68671875 0.05390625 0.046875
2 0.076171875 0.8445312500000001 0.08046875 0.07500000000000001
2 0.12617187500000002 0.0328125 0.05078125 0.05625
2 0.6000000000000001 0.037109375 0.0390625 0.047656250000000004
2 0.280078125 0.209765625 0.05390625 0.06328125
2 0.7054687500000001 0.19492187500000002 0.065625 0.07109375
2 0.642578125 0.158203125 0.05859375 0.07109375
2 0.8894531250000001 0.20703125 0.05234375 0.0765625
2 0.484375 0.44375000000000003 0.0859375 0.09843750000000001
2 0.308203125 0.769140625 0.039843750000000004 0.05859375
2 0.20703125 0.67734375 0.0484375 0.045312500000000006
2 0.8070312500000001 0.4375 0.043750000000000004 0.026562500000000003
2 0.263671875 0.633984375 0.06953125 0.02890625
