2 0.062890625 0.123046875 0.06015625 0.05078125
2 0.253125 0.153125 0.037500000000000006 0.045312500000000006
2 0.567578125 0.153125 0.041406250000000006 0.037500000000000006
2 0.540625 0.417578125 0.028125 0.041406250000000006
2 0.655859375 0.6488281250000001 0.049218750000000006 0.08203125
2 0.508203125 0.6121093750000001 0.07109375 0.041406250000000006
2 0.21796875000000002 0.637890625 0.059375000000000004 0.05234375
2 0.787109375 0.009375000000000001 0.11171875 0.018750000000000003
2 0.6218750000000001 0.46875 0.046875 0.046875
2 0.8500000000000001 0.21250000000000002 0.078125 0.0671875
0 0.765234375 0.30585937500000004 0.049218750000000006 0.05390625
2 0.905859375 0.593359375 0.07109375 0.07421875
