2 0.00859375 0.45820312500000004 0.0171875 0.049218750000000006
2 0.2234375 0.8265625000000001 0.0421875 0.065625
2 0.386328125 0.494921875 0.041406250000000006 0.03828125
2 0.508203125 0.448828125 0.049218750000000006 0.07109375
2 0.704296875 0.79453125 0.041406250000000006 0.053125000000000006
2 0.761328125 0.666015625 0.06015625 0.039843750000000004
2 0.583203125 0.574609375 0.05078125 0.041406250000000006
2 0.579296875 0.7738281250000001 0.047656250000000004 0.030468750000000003
2 0.578515625 0.904296875 0.049218750000000006 0.05078125
2 0.86484375 0.8636718750000001 0.0234375 0.032031250000000004
