2 0.30976562500000004 0.107421875 0.032031250000000004 0.039843750000000004
2 0.39179687500000004 0.280078125 0.06015625 0.06015625
2 0.09609375 0.41054687500000003 0.037500000000000006 0.032031250000000004
2 0.380859375 0.41953125 0.06328125 0.0765625
2 0.006640625000000001 0.534375 0.013281250000000001 0.06875
2 0.0421875 0.730078125 0.026562500000000003 0.039843750000000004
2 0.908203125 0.580078125 0.07421875 0.06171875
2 0.703125 0.6843750000000001 0.026562500000000003 0.029687500000000002
2 0.8621093750000001 0.898046875 0.07109375 0.06171875
2 0.9714843750000001 0.131640625 0.057031250000000006 0.06328125
