2 0.18125000000000002 0.931640625 0.0765625 0.06328125
2 0.034375 0.290234375 0.059375000000000004 0.05234375
2 0.5515625000000001 0.294140625 0.045312500000000006 0.06015625
2 0.471484375 0.23203125000000002 0.04296875 0.0546875
2 0.465625 0.384375 0.065625 0.0484375
2 0.512109375 0.316015625 0.05859375 0.04453125
0 0.61640625 0.44609375 0.037500000000000006 0.035937500000000004
2 0.7097656250000001 0.330078125 0.08046875 0.12109375
0 0.5703125 0.8191406250000001 0.07500000000000001 0.05234375
2 0.562890625 0.602734375 0.03828125 0.03828125
2 0.88828125 0.3359375 0.053125000000000006 0.0546875
