2 0.17695312500000002 0.937109375 0.08203125 0.06015625
2 0.298046875 0.415625 0.05078125 0.05625
2 0.456640625 0.386328125 0.05234375 0.05234375
2 0.5453125 0.290234375 0.045312500000000006 0.06015625
2 0.47695312500000003 0.22734375 0.030468750000000003 0.037500000000000006
2 0.5015625 0.31328125 0.0546875 0.0390625
0 0.6039062500000001 0.45039062500000004 0.09531250000000001 0.06171875
2 0.5476562500000001 0.61875 0.078125 0.065625
2 0.701171875 0.31289062500000003 0.10390625 0.10078125
2 0.8812500000000001 0.34882812500000004 0.043750000000000004 0.06171875
2 0.86640625 0.199609375 0.0578125 0.07265625
