2 0.2984375 0.113671875 0.035937500000000004 0.049218750000000006
2 0.08125 0.405078125 0.0671875 0.07265625
2 0.3984375 0.299609375 0.043750000000000004 0.05390625
2 0.39101562500000003 0.40703125 0.04296875 0.046875
2 0.009375000000000001 0.542578125 0.018750000000000003 0.049218750000000006
2 0.029687500000000002 0.74140625 0.059375000000000004 0.0546875
2 0.96796875 0.137109375 0.06406250000000001 0.06015625
2 0.9070312500000001 0.5765625 0.07500000000000001 0.0765625
2 0.6953125 0.6878906250000001 0.028125 0.030468750000000003
2 0.844921875 0.890234375 0.02890625 0.032031250000000004
