2 0.17695312500000002 0.137109375 0.08203125 0.06015625
2 0.10703125000000001 0.5765625 0.07500000000000001 0.0765625
2 0.044921875 0.890234375 0.02890625 0.032031250000000004
0 0.51015625 0.21484375 0.045312500000000006 0.045312500000000006
2 0.347265625 0.555078125 0.03828125 0.05234375
2 0.415625 0.460546875 0.059375000000000004 0.049218750000000006
2 0.43046875 0.30546875 0.053125000000000006 0.045312500000000006
2 0.5453125 0.67890625 0.045312500000000006 0.0859375
2 0.8582031250000001 0.262890625 0.09296875 0.09140625000000001
2 0.929296875 0.41523437500000004 0.06953125 0.07109375
