2 0.3125 0.117578125 0.037500000000000006 0.03828125
2 0.401171875 0.28945312500000003 0.041406250000000006 0.049218750000000006
2 0.10507812500000001 0.41953125 0.07109375 0.0578125
2 0.38828125 0.4140625 0.037500000000000006 0.0546875
2 0.56015625 0.392578125 0.045312500000000006 0.041406250000000006
2 0.046484375 0.7367187500000001 0.041406250000000006 0.0484375
2 0.969921875 0.137109375 0.06015625 0.07265625
2 0.900390625 0.5750000000000001 0.07265625 0.065625
2 0.6980468750000001 0.6878906250000001 0.07421875 0.06171875
2 0.858984375 0.88828125 0.06015625 0.037500000000000006
