0 0.6707031250000001 0.013281250000000001 0.10859375 0.026562500000000003
2 0.44179687500000003 0.057031250000000006 0.030468750000000003 0.046875
2 0.10039062500000001 0.325 0.07265625 0.065625
2 0.366015625 0.30625 0.06015625 0.0578125
2 0.432421875 0.21328125 0.041406250000000006 0.0484375
2 0.563671875 0.429296875 0.03828125 0.06328125
2 0.058984375000000006 0.63828125 0.06015625 0.037500000000000006
2 0.8515625 0.035546875 0.0765625 0.07109375
2 0.9496093750000001 0.15234375 0.047656250000000004 0.045312500000000006
2 0.9796875 0.26484375 0.040625 0.06406250000000001
