2 0.022265625 0.43281250000000004 0.04453125 0.034375
2 0.2171875 0.41054687500000003 0.0578125 0.049218750000000006
2 0.291796875 0.55390625 0.03828125 0.0390625
2 0.22421875000000002 0.633984375 0.06875 0.05234375
2 0.412890625 0.62109375 0.05078125 0.05625
2 0.47695312500000003 0.7035156250000001 0.06015625 0.05390625
2 0.45742187500000003 0.8578125000000001 0.032031250000000004 0.026562500000000003
2 0.56640625 0.98046875 0.065625 0.0390625
2 0.47773437500000004 0.919921875 0.04296875 0.05078125
2 0.7312500000000001 0.459765625 0.08750000000000001 0.08359375000000001
2 0.8894531250000001 0.80078125 0.06015625 0.0890625
2 0.87265625 0.977734375 0.05625 0.04453125
