2 0.029296875 0.287109375 0.04453125 0.06328125
0 0.30507812500000003 0.417578125 0.041406250000000006 0.05078125
0 0.6078125000000001 0.45078125 0.045312500000000006 0.065625
0 0.52109375 0.99375 0.0234375 0.0125
0 0.6707031250000001 0.984375 0.10859375 0.03125
2 0.45742187500000003 0.0578125 0.032031250000000004 0.026562500000000003
2 0.56640625 0.18984375 0.065625 0.0578125
2 0.47773437500000004 0.11992187500000001 0.04296875 0.05078125
2 0.7058593750000001 0.30898437500000003 0.08984375 0.11171875
2 0.55703125 0.292578125 0.043750000000000004 0.05234375
2 0.468359375 0.2390625 0.04296875 0.0484375
2 0.38710937500000003 0.27968750000000003 0.02109375 0.026562500000000003
2 0.4703125 0.38593750000000004 0.046875 0.043750000000000004
2 0.52109375 0.3203125 0.037500000000000006 0.078125
2 0.318359375 0.75390625 0.032031250000000004 0.035937500000000004
2 0.55625 0.6062500000000001 0.0484375 0.065625
2 0.559765625 0.8148437500000001 0.049218750000000006 0.028125
2 0.17343750000000002 0.937109375 0.0671875 0.07265625
2 0.8894531250000001 0.022656250000000003 0.06015625 0.045312500000000006
2 0.87265625 0.19843750000000002 0.05625 0.0859375
2 0.88671875 0.35195312500000003 0.043750000000000004 0.03828125
2 0.7210937500000001 0.48281250000000003 0.034375 0.05625
2 0.809765625 0.610546875 0.041406250000000006 0.04453125
