2 0.205078125 0.32421875 0.049218750000000006 0.078125
2 0.45820312500000004 0.08750000000000001 0.08203125 0.07500000000000001
2 0.38828125 0.39960937500000004 0.059375000000000004 0.05234375
2 0.37265625 0.5691406250000001 0.0578125 0.06953125
2 0.467578125 0.459765625 0.049218750000000006 0.06953125
2 0.3125 0.917578125 0.037500000000000006 0.03828125
2 0.829296875 0.287109375 0.04453125 0.06328125
2 0.7425781250000001 0.447265625 0.049218750000000006 0.039843750000000004
2 0.78125 0.7113281250000001 0.029687500000000002 0.05078125
2 0.969921875 0.937109375 0.06015625 0.07265625
