0 0.52109375 0.21015625000000002 0.0234375 0.045312500000000006
0 0.6707031250000001 0.22265625 0.10859375 0.1078125
2 0.559765625 0.014843750000000001 0.049218750000000006 0.028125
2 0.17343750000000002 0.137109375 0.0671875 0.07265625
2 0.44179687500000003 0.30703125000000003 0.030468750000000003 0.046875
2 0.10039062500000001 0.5750000000000001 0.07265625 0.065625
2 0.366015625 0.55625 0.06015625 0.0578125
2 0.432421875 0.46328125000000003 0.041406250000000006 0.0484375
2 0.563671875 0.679296875 0.03828125 0.06328125
2 0.058984375000000006 0.88828125 0.06015625 0.037500000000000006
2 0.8515625 0.2671875 0.0765625 0.1078125
2 0.9496093750000001 0.40234375 0.047656250000000004 0.045312500000000006
2 0.9796875 0.51484375 0.040625 0.06406250000000001
