2 0.02890625 0.14453125 0.0578125 0.0890625
2 0.098046875 0.09648437500000001 0.06015625 0.06015625
2 0.016015625000000002 0.0078125 0.032031250000000004 0.015625
2 0.571484375 0.06406250000000001 0.03828125 0.026562500000000003
2 0.5085937500000001 0.010937500000000001 0.037500000000000006 0.021875000000000002
2 0.41484375 0.13046875 0.046875 0.026562500000000003
2 0.34375 0.098046875 0.045312500000000006 0.03515625
2 0.34023437500000003 0.213671875 0.049218750000000006 0.04453125
2 0.28515625 0.238671875 0.05625 0.06953125
2 0.25429687500000003 0.06640625 0.05390625 0.0546875
2 0.184375 0.087109375 0.046875 0.04296875
2 0.60078125 0.16914062500000002 0.037500000000000006 0.030468750000000003
2 0.5945312500000001 0.22812500000000002 0.0328125 0.045312500000000006
2 0.693359375 0.0171875 0.09140625000000001 0.034375
