2 0.02890625 0.94453125 0.0578125 0.0890625
2 0.098046875 0.896484375 0.06015625 0.06015625
2 0.016015625000000002 0.791015625 0.032031250000000004 0.049218750000000006
2 0.2578125 0.6605468750000001 0.26875 0.26328125
2 0.44453125000000004 0.67890625 0.046875 0.06406250000000001
2 0.478125 0.6292968750000001 0.0765625 0.08203125
2 0.586328125 0.58203125 0.06015625 0.07968750000000001
2 0.6160156250000001 0.42304687500000004 0.10078125 0.06171875
2 0.571484375 0.8640625000000001 0.03828125 0.026562500000000003
2 0.5085937500000001 0.8046875 0.037500000000000006 0.034375
2 0.41484375 0.9304687500000001 0.046875 0.026562500000000003
2 0.34375 0.898046875 0.045312500000000006 0.03515625
2 0.25429687500000003 0.86640625 0.05390625 0.0546875
2 0.184375 0.8871093750000001 0.046875 0.04296875
2 0.60078125 0.9691406250000001 0.037500000000000006 0.030468750000000003
2 0.582421875 0.041406250000000006 0.07421875 0.06406250000000001
2 0.693359375 0.7996093750000001 0.09140625000000001 0.06953125
