2 0.01953125 0.150390625 0.0390625 0.10234375000000001
2 0.098046875 0.094140625 0.06015625 0.06015625
2 0.20078125000000002 0.080078125 0.043750000000000004 0.02890625
2 0.28125 0.230859375 0.0484375 0.07421875
2 0.353515625 0.209375 0.05234375 0.065625
2 0.34609375000000003 0.103515625 0.045312500000000006 0.05234375
0 0.583984375 0.07773437500000001 0.04296875 0.04296875
2 0.50546875 0.012890625000000001 0.0484375 0.025781250000000002
2 0.41015625 0.123046875 0.028125 0.03359375
2 0.6042968750000001 0.24531250000000002 0.08046875 0.1078125
