2 0.279296875 0.68359375 0.24453125 0.2890625
2 0.451953125 0.701171875 0.06953125 0.09140625000000001
2 0.482421875 0.632421875 0.05234375 0.05078125
2 0.01953125 0.9496093750000001 0.0390625 0.10078125
2 0.098046875 0.894140625 0.06015625 0.06015625
2 0.20078125000000002 0.880078125 0.043750000000000004 0.02890625
2 0.353515625 0.98828125 0.05234375 0.0234375
2 0.34609375000000003 0.903515625 0.045312500000000006 0.05234375
2 0.5710937500000001 0.039453125000000006 0.09843750000000001 0.07890625000000001
2 0.628125 0.42109375000000004 0.1171875 0.0546875
1 0.790234375 0.41484375 0.23359375000000002 0.6218750000000001
2 0.573828125 0.57734375 0.03359375 0.045312500000000006
0 0.583984375 0.8777343750000001 0.04296875 0.04296875
2 0.50546875 0.810546875 0.0484375 0.030468750000000003
2 0.41015625 0.923046875 0.028125 0.03359375
