2 0.716796875 0.205078125 0.039843750000000004 0.05078125
2 0.46718750000000003 0.519921875 0.046875 0.049218750000000006
2 0.5007812500000001 0.452734375 0.035937500000000004 0.05078125
2 0.6824218750000001 0.606640625 0.06015625 0.05234375
2 0.817578125 0.578515625 0.06015625 0.032031250000000004
2 0.6937500000000001 0.65234375 0.0671875 0.035937500000000004
2 0.1703125 0.845703125 0.1078125 0.07109375
2 0.25 0.626171875 0.0234375 0.032031250000000004
0 0.40156250000000004 0.8562500000000001 0.037500000000000006 0.034375
0 0.57265625 0.926953125 0.0578125 0.041406250000000006
0 0.7039062500000001 0.95078125 0.0578125 0.037500000000000006
2 0.27773437500000003 0.9789062500000001 0.10859375 0.0421875
2 0.54921875 0.074609375 0.045312500000000006 0.06015625
2 0.958984375 0.33320312500000004 0.06328125 0.06015625
