2 0.1 0.779296875 0.046875 0.05234375
2 0.476171875 0.517578125 0.07890625000000001 0.05078125
2 0.187890625 0.833203125 0.07109375 0.07265625
0 0.40742187500000004 0.857421875 0.05234375 0.04296875
0 0.5867187500000001 0.9265625000000001 0.05625 0.034375
0 0.6277343750000001 0.29609375 0.07109375 0.096875
0 0.6980468750000001 0.6097656250000001 0.03359375 0.02421875
0 0.7210937500000001 0.9546875 0.0578125 0.037500000000000006
2 0.683203125 0.651953125 0.041406250000000006 0.032031250000000004
2 0.766796875 0.14921875 0.06953125 0.0484375
2 0.97421875 0.338671875 0.051562500000000004 0.039843750000000004
2 0.817578125 0.585546875 0.03359375 0.041406250000000006
