2 0.47187500000000004 0.51484375 0.059375000000000004 0.043750000000000004
0 0.6492187500000001 0.30234375 0.0671875 0.09531250000000001
0 0.693359375 0.609375 0.01953125 0.035937500000000004
0 0.4078125 0.8523437500000001 0.046875 0.037500000000000006
0 0.71484375 0.9500000000000001 0.0328125 0.045312500000000006
2 0.197265625 0.8324218750000001 0.11328125 0.05078125
2 0.11601562500000001 0.769140625 0.039843750000000004 0.041406250000000006
2 0.298046875 0.982421875 0.06796875000000001 0.03515625
2 0.782421875 0.141015625 0.05234375 0.04296875
2 0.976171875 0.338671875 0.047656250000000004 0.05078125
2 0.831640625 0.5828125000000001 0.05078125 0.0546875
