2 0.41015625 0.307421875 0.0578125 0.07265625
2 0.39453125 0.11171875 0.0484375 0.065625
2 0.33359375 0.42031250000000003 0.0484375 0.0734375
2 0.008984375000000001 0.24921875000000002 0.017968750000000002 0.0890625
0 0.3796875 0.67734375 0.05625 0.0390625
2 0.517578125 0.7046875 0.06171875 0.0765625
2 0.033984375000000004 0.8832031250000001 0.06796875000000001 0.06328125
1 0.7917968750000001 0.122265625 0.17109375000000002 0.24453125
2 0.623046875 0.4859375 0.05078125 0.07500000000000001
2 0.7816406250000001 0.970703125 0.04296875 0.041406250000000006
