2 0.0703125 0.9187500000000001 0.046875 0.065625
2 0.06484375 0.05390625 0.035937500000000004 0.043750000000000004
2 0.02109375 0.19257812500000002 0.0421875 0.039843750000000004
2 0.536328125 0.09531250000000001 0.039843750000000004 0.045312500000000006
2 0.58046875 0.42421875000000003 0.043750000000000004 0.05625
2 0.955078125 0.330078125 0.08984375 0.041406250000000006
2 0.941015625 0.55859375 0.05078125 0.028125
2 0.9558593750000001 0.701171875 0.06171875 0.06171875
2 0.5457031250000001 0.7359375 0.10234375000000001 0.07968750000000001
2 0.671875 0.495703125 0.0484375 0.06171875
2 0.9207031250000001 0.9320312500000001 0.04296875 0.065625
2 0.9390625 0.9714843750000001 0.06875 0.041406250000000006
2 0.880078125 0.043750000000000004 0.05390625 0.059375000000000004
