2 0.23007812500000002 0.30117187500000003 0.030468750000000003 0.05234375
2 0.44296875 0.225390625 0.06406250000000001 0.07421875
2 0.0703125 0.11875000000000001 0.046875 0.065625
2 0.11484375000000001 0.8207031250000001 0.046875 0.049218750000000006
2 0.9207031250000001 0.13203125000000002 0.04296875 0.065625
2 0.9390625 0.17148437500000002 0.06875 0.041406250000000006
2 0.98828125 0.37226562500000004 0.0234375 0.06171875
2 0.8519531250000001 0.31757812500000004 0.05078125 0.030468750000000003
2 0.9148437500000001 0.4859375 0.0578125 0.059375000000000004
2 0.8875000000000001 0.4140625 0.043750000000000004 0.034375
2 0.683203125 0.33242187500000003 0.041406250000000006 0.041406250000000006
2 0.9070312500000001 0.6550781250000001 0.05625 0.04296875
2 0.83125 0.7984375 0.045312500000000006 0.059375000000000004
