2 0.10078125 0.38984375000000004 0.053125000000000006 0.06875
2 0.34218750000000003 0.40937500000000004 0.043750000000000004 0.05625
2 0.39570312500000004 0.34023437500000003 0.06953125 0.08359375000000001
0 0.35976562500000003 0.583203125 0.05234375 0.06328125
0 0.467578125 0.593359375 0.05078125 0.05859375
2 0.0054687500000000005 0.7605468750000001 0.010937500000000001 0.03359375
2 0.06484375 0.8539062500000001 0.035937500000000004 0.043750000000000004
2 0.02109375 0.986328125 0.0421875 0.02734375
2 0.117578125 0.27265625 0.07109375 0.06406250000000001
2 0.7765625 0.15351562500000002 0.1546875 0.08359375000000001
2 0.9539062500000001 0.7312500000000001 0.046875 0.05625
2 0.9027343750000001 0.721875 0.041406250000000006 0.045312500000000006
2 0.708984375 0.739453125 0.049218750000000006 0.032031250000000004
2 0.536328125 0.8953125000000001 0.039843750000000004 0.045312500000000006
2 0.880078125 0.84375 0.05390625 0.059375000000000004
2 0.769140625 0.5164062500000001 0.04296875 0.06406250000000001
