2 0.026953125 0.15351562500000002 0.05390625 0.08359375000000001
2 0.37109375 0.128515625 0.0484375 0.03359375
0 0.35468750000000004 0.494140625 0.07500000000000001 0.05234375
2 0.35625 0.819921875 0.045312500000000006 0.049218750000000006
2 0.302734375 0.9359375000000001 0.05234375 0.045312500000000006
2 0.42265625 0.658203125 0.05625 0.07265625
2 0.15390625000000002 0.7312500000000001 0.046875 0.05625
2 0.102734375 0.721875 0.041406250000000006 0.045312500000000006
2 0.234375 0.53515625 0.06406250000000001 0.026562500000000003
2 0.080078125 0.84375 0.05390625 0.059375000000000004
2 0.337890625 0.34296875000000004 0.041406250000000006 0.05625
2 0.508203125 0.39179687500000004 0.10546875 0.05390625
2 0.6160156250000001 0.755859375 0.07109375 0.032031250000000004
2 0.5515625000000001 0.5875 0.045312500000000006 0.045312500000000006
2 0.42421875000000003 0.751953125 0.0671875 0.041406250000000006
2 0.34101562500000004 0.883984375 0.06015625 0.04296875
