0 0.530859375 0.062890625 0.039843750000000004 0.041406250000000006
2 0.26406250000000003 0.025781250000000002 0.034375 0.026562500000000003
2 0.271484375 0.078125 0.049218750000000006 0.035937500000000004
2 0.12070312500000001 0.13203125000000002 0.04296875 0.065625
2 0.1390625 0.17148437500000002 0.06875 0.041406250000000006
2 0.257421875 0.189453125 0.02890625 0.04296875
2 0.369140625 0.246484375 0.03828125 0.05078125
2 0.444921875 0.51171875 0.12265625000000001 0.1046875
2 0.26406250000000003 0.46484375 0.037500000000000006 0.035937500000000004
2 0.20468750000000002 0.37226562500000004 0.05625 0.06171875
2 0.051953125 0.31757812500000004 0.05078125 0.030468750000000003
2 0.11484375000000001 0.4859375 0.0578125 0.059375000000000004
2 0.08750000000000001 0.4140625 0.043750000000000004 0.034375
2 0.10703125000000001 0.6550781250000001 0.05625 0.04296875
2 0.03125 0.7984375 0.045312500000000006 0.059375000000000004
