2 0.35625 0.022265625 0.045312500000000006 0.04453125
2 0.302734375 0.13593750000000002 0.05234375 0.045312500000000006
0 0.242578125 0.474609375 0.05390625 0.07109375
0 0.23046875 0.39101562500000003 0.0484375 0.041406250000000006
0 0.530859375 0.862890625 0.039843750000000004 0.041406250000000006
2 0.15859375 0.330078125 0.096875 0.041406250000000006
2 0.141015625 0.55859375 0.05078125 0.028125
2 0.15585937500000002 0.701171875 0.06171875 0.06171875
2 0.26406250000000003 0.82578125 0.034375 0.026562500000000003
2 0.271484375 0.878125 0.049218750000000006 0.035937500000000004
2 0.12070312500000001 0.9320312500000001 0.04296875 0.065625
2 0.1390625 0.9714843750000001 0.06875 0.041406250000000006
2 0.257421875 0.983984375 0.02890625 0.032031250000000004
2 0.080078125 0.043750000000000004 0.05390625 0.059375000000000004
2 0.534375 0.40234375 0.046875 0.053125000000000006
2 0.34101562500000004 0.083984375 0.06015625 0.04296875
