2 0.10507812500000001 0.07382812500000001 0.049218750000000006 0.041406250000000006
2 0.32929687500000004 0.1171875 0.04296875 0.025
2 0.2765625 0.40390625 0.037500000000000006 0.035937500000000004
2 0.52734375 0.31796875 0.0390625 0.034375
2 0.6566406250000001 0.512109375 0.08359375000000001 0.06015625
2 0.126953125 0.9546875 0.041406250000000006 0.046875
2 0.055078125000000006 0.673046875 0.041406250000000006 0.041406250000000006
2 0.18984375 0.68671875 0.026562500000000003 0.0328125
0 0.0328125 0.596875 0.053125000000000006 0.045312500000000006
2 0.31367187500000004 0.6785156250000001 0.041406250000000006 0.030468750000000003
