2 0.374609375 0.968359375 0.039843750000000004 0.04296875
2 0.298828125 0.9808593750000001 0.05390625 0.03828125
2 0.64609375 0.84140625 0.035937500000000004 0.05625
0 0.21250000000000002 0.25390625 0.045312500000000006 0.05625
0 0.18125000000000002 0.19101562500000002 0.0234375 0.03359375
0 0.131640625 0.242578125 0.041406250000000006 0.041406250000000006
0 0.066796875 0.094140625 0.030468750000000003 0.039843750000000004
2 0.582421875 0.026562500000000003 0.05234375 0.053125000000000006
2 0.125 0.17734375000000002 0.06875 0.0546875
2 0.759765625 0.040625 0.05234375 0.034375
2 0.977734375 0.07382812500000001 0.04453125 0.041406250000000006
2 0.9906250000000001 0.9546875 0.018750000000000003 0.046875
2 0.9300781250000001 0.673046875 0.041406250000000006 0.041406250000000006
0 0.9078125 0.596875 0.053125000000000006 0.045312500000000006
