2 0.64765625 0.224609375 0.096875 0.10234375000000001
2 0.6566406250000001 0.016015625000000002 0.041406250000000006 0.032031250000000004
2 0.394140625 0.05625 0.03828125 0.046875
2 0.716015625 0.012109375 0.030468750000000003 0.02421875
2 0.39960937500000004 0.38359375 0.03828125 0.0546875
2 0.6566406250000001 0.9546875 0.05234375 0.0546875
2 0.7640625000000001 0.9812500000000001 0.037500000000000006 0.037500000000000006
0 0.9949218750000001 0.25390625 0.01015625 0.05625
0 0.9812500000000001 0.19101562500000002 0.0234375 0.03359375
0 0.931640625 0.242578125 0.041406250000000006 0.041406250000000006
0 0.866796875 0.094140625 0.030468750000000003 0.039843750000000004
2 0.925 0.17734375000000002 0.06875 0.0546875
2 0.720703125 0.20859375000000002 0.05234375 0.043750000000000004
