0 0.18125000000000002 0.9871093750000001 0.0234375 0.025781250000000002
0 0.066796875 0.894140625 0.030468750000000003 0.039843750000000004
0 0.49648437500000003 0.7527343750000001 0.03515625 0.030468750000000003
2 0.053515625000000004 0.53828125 0.030468750000000003 0.037500000000000006
2 0.1046875 0.69140625 0.046875 0.037500000000000006
2 0.098046875 0.58984375 0.022656250000000003 0.029687500000000002
2 0.2078125 0.515234375 0.046875 0.04296875
2 0.582421875 0.82578125 0.05234375 0.0546875
2 0.584375 0.6175781250000001 0.045312500000000006 0.041406250000000006
2 0.125 0.9750000000000001 0.06875 0.05
2 0.06406250000000001 0.369921875 0.035937500000000004 0.041406250000000006
2 0.08164062500000001 0.304296875 0.041406250000000006 0.04296875
2 0.25546875 0.29140625000000003 0.026562500000000003 0.028125
2 0.28554687500000003 0.294140625 0.032031250000000004 0.030468750000000003
2 0.346484375 0.33203125 0.032031250000000004 0.0328125
2 0.23789062500000002 0.434375 0.06171875 0.045312500000000006
2 0.1859375 0.6917968750000001 0.035937500000000004 0.041406250000000006
2 0.759765625 0.8406250000000001 0.05234375 0.034375
2 0.7265625 0.73359375 0.0859375 0.05625
2 0.977734375 0.8738281250000001 0.04453125 0.041406250000000006
