2 0.10820312500000001 0.2921875 0.032031250000000004 0.035937500000000004
2 0.076171875 0.229296875 0.022656250000000003 0.032031250000000004
2 0.0484375 0.284765625 0.037500000000000006 0.03515625
2 0.41445312500000003 0.47773437500000004 0.07109375 0.07109375
2 0.2609375 0.6960937500000001 0.11875000000000001 0.32656250000000003
2 0.07968750000000001 0.693359375 0.029687500000000002 0.05078125
2 0.3671875 0.6628906250000001 0.035937500000000004 0.049218750000000006
2 0.12578125 0.749609375 0.034375 0.030468750000000003
2 0.374609375 0.168359375 0.039843750000000004 0.04296875
2 0.298828125 0.18125000000000002 0.05390625 0.0390625
2 0.64609375 0.041406250000000006 0.035937500000000004 0.05625
2 0.9906250000000001 0.1546875 0.018750000000000003 0.046875
