2 0.180078125 0.07382812500000001 0.049218750000000006 0.041406250000000006
2 0.404296875 0.1171875 0.04296875 0.025
2 0.3515625 0.40390625 0.037500000000000006 0.035937500000000004
2 0.6023437500000001 0.31796875 0.0390625 0.034375
2 0.731640625 0.512109375 0.08359375000000001 0.06015625
2 0.201953125 0.9546875 0.041406250000000006 0.046875
2 0.13007812500000002 0.673046875 0.041406250000000006 0.041406250000000006
2 0.26484375 0.68671875 0.026562500000000003 0.0328125
0 0.1078125 0.596875 0.053125000000000006 0.045312500000000006
2 0.388671875 0.6785156250000001 0.041406250000000006 0.030468750000000003
