2 0.35976562500000003 0.2703125 0.04296875 0.028125
2 0.31562500000000004 0.303515625 0.0328125 0.02890625
2 0.3921875 0.585546875 0.0484375 0.07109375
2 0.343359375 0.337890625 0.039843750000000004 0.049218750000000006
2 0.21875 0.483984375 0.034375 0.030468750000000003
2 0.54296875 0.6648437500000001 0.0390625 0.026562500000000003
2 0.429296875 0.48867187500000003 0.03359375 0.039843750000000004
2 0.57265625 0.312109375 0.028125 0.03359375
2 0.46523437500000003 0.275 0.05078125 0.026562500000000003
2 0.19062500000000002 0.37734375000000003 0.045312500000000006 0.025
2 0.2703125 0.353515625 0.0234375 0.02890625
2 0.478125 0.36484375 0.035937500000000004 0.035937500000000004
2 0.708203125 0.304296875 0.030468750000000003 0.041406250000000006
2 0.7644531250000001 0.32578125 0.032031250000000004 0.035937500000000004
2 0.64765625 0.9867187500000001 0.096875 0.026562500000000003
2 0.6566406250000001 0.812109375 0.041406250000000006 0.039843750000000004
2 0.562109375 0.7308593750000001 0.022656250000000003 0.032031250000000004
2 0.394140625 0.8562500000000001 0.03828125 0.046875
2 0.716015625 0.8089843750000001 0.030468750000000003 0.030468750000000003
0 0.9812500000000001 0.9871093750000001 0.0234375 0.025781250000000002
0 0.866796875 0.894140625 0.030468750000000003 0.039843750000000004
2 0.853515625 0.53828125 0.030468750000000003 0.037500000000000006
2 0.9046875000000001 0.69140625 0.046875 0.037500000000000006
2 0.898046875 0.58984375 0.022656250000000003 0.029687500000000002
2 0.9921875 0.515234375 0.015625 0.04296875
2 0.925 0.9750000000000001 0.06875 0.05
2 0.720703125 0.993359375 0.05234375 0.013281250000000001
2 0.8640625000000001 0.369921875 0.035937500000000004 0.041406250000000006
2 0.8816406250000001 0.304296875 0.041406250000000006 0.04296875
2 0.983984375 0.6917968750000001 0.032031250000000004 0.041406250000000006
2 0.66796875 0.35234375 0.043750000000000004 0.0328125
