2 0.5496093750000001 0.39765625000000004 0.05234375 0.0484375
2 0.7464843750000001 0.353515625 0.039843750000000004 0.041406250000000006
2 0.6566406250000001 0.1546875 0.05234375 0.0546875
2 0.7640625000000001 0.18515625000000002 0.037500000000000006 0.045312500000000006
2 0.355078125 0.8285156250000001 0.041406250000000006 0.030468750000000003
2 0.908203125 0.2921875 0.032031250000000004 0.035937500000000004
2 0.876171875 0.229296875 0.022656250000000003 0.032031250000000004
2 0.8484375000000001 0.284765625 0.037500000000000006 0.03515625
2 0.8796875000000001 0.693359375 0.029687500000000002 0.05078125
2 0.6781250000000001 0.5703125 0.0484375 0.0484375
2 0.92578125 0.749609375 0.034375 0.030468750000000003
