2 0.15390625000000002 0.0203125 0.045312500000000006 0.040625
2 0.142578125 0.180078125 0.03359375 0.039843750000000004
2 0.24765625000000002 0.055078125000000006 0.05625 0.049218750000000006
2 0.3015625 0.12382812500000001 0.045312500000000006 0.030468750000000003
2 0.263671875 0.5203125000000001 0.02421875 0.035937500000000004
2 0.296875 0.5144531250000001 0.0390625 0.02890625
2 0.212890625 0.37226562500000004 0.030468750000000003 0.05390625
2 0.06328125 0.392578125 0.05625 0.04296875
2 0.47578125000000004 0.018359375 0.09531250000000001 0.03671875
2 0.5632812500000001 0.00703125 0.0234375 0.0140625
2 0.610546875 0.296484375 0.06171875 0.08203125
2 0.458984375 0.526953125 0.11015625000000001 0.31015625
2 0.5484375 0.487109375 0.037500000000000006 0.05234375
2 0.718359375 0.091015625 0.05234375 0.06171875
