0 0.148046875 0.16328125000000002 0.03359375 0.037500000000000006
0 0.25625000000000003 0.14140625 0.043750000000000004 0.045312500000000006
0 0.08359375000000001 0.138671875 0.045312500000000006 0.032031250000000004
0 0.23125 0.20039062500000002 0.0234375 0.03828125
2 0.098828125 0.412109375 0.032031250000000004 0.047656250000000004
2 0.006640625000000001 0.45351562500000003 0.013281250000000001 0.041406250000000006
2 0.225 0.365234375 0.025 0.041406250000000006
2 0.029687500000000002 0.6488281250000001 0.0484375 0.032031250000000004
2 0.043750000000000004 0.856640625 0.08750000000000001 0.10859375
2 0.096875 0.853125 0.035937500000000004 0.034375
2 0.09257812500000001 0.63671875 0.02734375 0.029687500000000002
2 0.27734375 0.4234375 0.045312500000000006 0.025
0 0.36250000000000004 0.8269531250000001 0.0421875 0.041406250000000006
0 0.389453125 0.876171875 0.03359375 0.030468750000000003
0 0.759375 0.436328125 0.026562500000000003 0.041406250000000006
0 0.666015625 0.5734375 0.032031250000000004 0.034375
0 0.40625 0.51796875 0.045312500000000006 0.034375
0 0.2859375 0.516796875 0.026562500000000003 0.02109375
0 0.39609375 0.34765625 0.0328125 0.0484375
0 0.6199218750000001 0.5769531250000001 0.039843750000000004 0.041406250000000006
0 0.24179687500000002 0.7230468750000001 0.022656250000000003 0.022656250000000003
0 0.45859375 0.1203125 0.046875 0.034375
2 0.778515625 0.26484375 0.06953125 0.05625
2 0.424609375 0.26640625 0.041406250000000006 0.053125000000000006
2 0.7609375 0.65390625 0.05625 0.0546875
2 0.29531250000000003 0.810546875 0.059375000000000004 0.039843750000000004
0 0.308203125 0.8679687500000001 0.03828125 0.028125
0 0.37578125 0.6746093750000001 0.046875 0.041406250000000006
2 0.900390625 0.560546875 0.09140625000000001 0.05234375
