2 0.043750000000000004 0.056640625 0.08750000000000001 0.10859375
2 0.096875 0.053125000000000006 0.035937500000000004 0.034375
2 0.09453125000000001 0.5734375 0.0671875 0.035937500000000004
2 0.15390625000000002 0.8171875000000001 0.045312500000000006 0.046875
2 0.05 0.78515625 0.034375 0.034375
2 0.142578125 0.980078125 0.03359375 0.039843750000000004
2 0.24765625000000002 0.855078125 0.05625 0.049218750000000006
2 0.3015625 0.923828125 0.045312500000000006 0.030468750000000003
0 0.36250000000000004 0.026953125 0.0421875 0.041406250000000006
0 0.389453125 0.076171875 0.03359375 0.030468750000000003
2 0.29531250000000003 0.015234375000000001 0.059375000000000004 0.030468750000000003
2 0.748046875 0.4296875 0.06328125 0.16718750000000002
2 0.48945312500000004 0.463671875 0.049218750000000006 0.047656250000000004
2 0.33046875000000003 0.276171875 0.018750000000000003 0.03359375
2 0.260546875 0.398046875 0.041406250000000006 0.041406250000000006
2 0.37734375000000003 0.594921875 0.0546875 0.07265625
2 0.47578125000000004 0.8046875 0.09531250000000001 0.06406250000000001
2 0.5632812500000001 0.7953125000000001 0.0234375 0.037500000000000006
2 0.718359375 0.8910156250000001 0.05234375 0.06171875
0 0.833203125 0.6746093750000001 0.041406250000000006 0.04296875
0 0.308203125 0.06796875000000001 0.03828125 0.028125
