0 0.48164062500000004 0.13789062500000002 0.05078125 0.05234375
0 0.9480468750000001 0.16328125000000002 0.03359375 0.037500000000000006
0 0.8835937500000001 0.138671875 0.045312500000000006 0.032031250000000004
2 0.5730468750000001 0.427734375 0.05234375 0.07109375
2 0.8988281250000001 0.412109375 0.032031250000000004 0.047656250000000004
2 0.7953125000000001 0.45351562500000003 0.035937500000000004 0.041406250000000006
2 0.70859375 0.5007812500000001 0.035937500000000004 0.035937500000000004
2 0.7429687500000001 0.18476562500000002 0.037500000000000006 0.02890625
2 0.52109375 0.18203125 0.05625 0.0234375
2 0.521875 0.12265625000000001 0.028125 0.015625
2 0.8296875 0.6488281250000001 0.0484375 0.032031250000000004
2 0.57578125 0.685546875 0.028125 0.039843750000000004
2 0.8269531250000001 0.856640625 0.12109375 0.10859375
2 0.8968750000000001 0.853125 0.035937500000000004 0.034375
2 0.892578125 0.63671875 0.02734375 0.029687500000000002
2 0.6429687500000001 0.577734375 0.0484375 0.05234375
