2 0.0390625 0.06992187500000001 0.078125 0.11171875
2 0.09335937500000001 0.045312500000000006 0.039843750000000004 0.026562500000000003
2 0.283984375 0.01640625 0.06015625 0.0328125
2 0.48476562500000003 0.44921875 0.05078125 0.046875
2 0.7250000000000001 0.41718750000000004 0.09531250000000001 0.1859375
2 0.31953125000000004 0.2765625 0.0484375 0.045312500000000006
2 0.257421875 0.38593750000000004 0.05390625 0.05625
0 0.42734375 0.025 0.0765625 0.05
0 0.354296875 0.026953125 0.030468750000000003 0.041406250000000006
0 0.39296875000000003 0.07421875 0.05625 0.028125
0 0.2984375 0.06796875000000001 0.035937500000000004 0.026562500000000003
0 0.8285156250000001 0.66796875 0.04296875 0.035937500000000004
0 0.144921875 0.8265625000000001 0.039843750000000004 0.0390625
0 0.130859375 0.9734375000000001 0.041406250000000006 0.037500000000000006
0 0.4265625 0.8015625000000001 0.0421875 0.037500000000000006
2 0.378515625 0.591796875 0.07890625000000001 0.05390625
2 0.10117187500000001 0.5671875000000001 0.08203125 0.05625
2 0.050390625 0.7894531250000001 0.05078125 0.02890625
2 0.267578125 0.8582031250000001 0.041406250000000006 0.032031250000000004
2 0.49375 0.792578125 0.035937500000000004 0.041406250000000006
2 0.5652343750000001 0.7859375000000001 0.05234375 0.05
2 0.30546875 0.9183593750000001 0.043750000000000004 0.041406250000000006
2 0.873046875 0.7976562500000001 0.04296875 0.0578125
