0 0.144921875 0.026562500000000003 0.039843750000000004 0.0390625
0 0.130859375 0.17343750000000002 0.041406250000000006 0.037500000000000006
0 0.4265625 0.01015625 0.0421875 0.0203125
2 0.267578125 0.058203125 0.041406250000000006 0.032031250000000004
2 0.49375 0.006640625000000001 0.035937500000000004 0.013281250000000001
2 0.5652343750000001 0.0054687500000000005 0.05234375 0.010937500000000001
2 0.30546875 0.118359375 0.043750000000000004 0.041406250000000006
2 0.440234375 0.49609375 0.12109375 0.34687500000000004
2 0.534765625 0.306640625 0.05078125 0.07109375
2 0.6039062500000001 0.286328125 0.0484375 0.06015625
2 0.236328125 0.42109375000000004 0.049218750000000006 0.037500000000000006
2 0.060937500000000006 0.377734375 0.05625 0.09921875000000001
2 0.555078125 0.487109375 0.039843750000000004 0.05078125
2 0.873046875 0.013281250000000001 0.04296875 0.026562500000000003
