0 0.140625 0.162109375 0.034375 0.02890625
0 0.083984375 0.140625 0.032031250000000004 0.026562500000000003
0 0.233203125 0.193359375 0.041406250000000006 0.032031250000000004
2 0.22187500000000002 0.366015625 0.0484375 0.039843750000000004
2 0.08515625 0.40468750000000003 0.0484375 0.043750000000000004
2 0.040625 0.23593750000000002 0.026562500000000003 0.026562500000000003
2 0.033203125 0.6433593750000001 0.041406250000000006 0.039843750000000004
2 0.091796875 0.6312500000000001 0.032031250000000004 0.034375
2 0.269140625 0.42578125 0.032031250000000004 0.026562500000000003
2 0.0390625 0.8699218750000001 0.078125 0.11171875
2 0.244140625 0.716015625 0.041406250000000006 0.049218750000000006
2 0.09335937500000001 0.8453125 0.039843750000000004 0.026562500000000003
2 0.2765625 0.51015625 0.043750000000000004 0.0390625
2 0.36445312500000004 0.12578125 0.03359375 0.035937500000000004
2 0.38125000000000003 0.334765625 0.0578125 0.06015625
2 0.5144531250000001 0.16562500000000002 0.032031250000000004 0.043750000000000004
2 0.455859375 0.11289062500000001 0.041406250000000006 0.022656250000000003
2 0.40234375 0.509375 0.045312500000000006 0.046875
2 0.35195312500000003 0.521484375 0.032031250000000004 0.030468750000000003
2 0.3765625 0.6703125000000001 0.045312500000000006 0.021875000000000002
2 0.6578125 0.566015625 0.05625 0.049218750000000006
2 0.6058593750000001 0.586328125 0.07421875 0.06015625
2 0.747265625 0.44375000000000003 0.06953125 0.06406250000000001
2 0.81015625 0.39101562500000003 0.05 0.05078125
2 0.7601562500000001 0.6511718750000001 0.0578125 0.041406250000000006
2 0.776953125 0.24765625000000002 0.05859375 0.06875
2 0.283984375 0.816015625 0.06015625 0.03359375
0 0.42734375 0.8132812500000001 0.0765625 0.0734375
0 0.354296875 0.8269531250000001 0.030468750000000003 0.041406250000000006
0 0.39296875000000003 0.87421875 0.05625 0.028125
0 0.2984375 0.8679687500000001 0.035937500000000004 0.026562500000000003
2 0.39609375 0.25234375000000003 0.046875 0.0484375
2 0.8949218750000001 0.56015625 0.08046875 0.065625
