0 0.5171875 0.11953125 0.0484375 0.046875
0 0.940625 0.162109375 0.034375 0.02890625
0 0.883984375 0.140625 0.032031250000000004 0.026562500000000003
0 0.705078125 0.49531250000000004 0.032031250000000004 0.0671875
0 0.310546875 0.223046875 0.030468750000000003 0.02890625
2 0.73828125 0.18476562500000002 0.0390625 0.032031250000000004
2 0.8851562500000001 0.40468750000000003 0.0484375 0.043750000000000004
2 0.782421875 0.447265625 0.04296875 0.04296875
2 0.55703125 0.43046875 0.043750000000000004 0.046875
2 0.38984375000000004 0.330859375 0.034375 0.04296875
2 0.654296875 0.21328125 0.030468750000000003 0.034375
2 0.603125 0.18203125 0.028125 0.045312500000000006
2 0.519140625 0.178125 0.041406250000000006 0.037500000000000006
2 0.45742187500000003 0.19609375 0.05078125 0.0578125
2 0.37617187500000004 0.21601562500000002 0.039843750000000004 0.039843750000000004
2 0.2671875 0.16718750000000002 0.035937500000000004 0.029687500000000002
2 0.610546875 0.326171875 0.032031250000000004 0.04453125
2 0.559765625 0.28671875 0.030468750000000003 0.035937500000000004
2 0.8406250000000001 0.23593750000000002 0.026562500000000003 0.026562500000000003
2 0.771484375 0.253125 0.04296875 0.035937500000000004
2 0.6355468750000001 0.5710937500000001 0.049218750000000006 0.065625
2 0.833203125 0.6433593750000001 0.041406250000000006 0.039843750000000004
2 0.7464843750000001 0.5691406250000001 0.030468750000000003 0.039843750000000004
2 0.5710937500000001 0.689453125 0.037500000000000006 0.047656250000000004
2 0.776953125 0.7171875000000001 0.02890625 0.046875
2 0.891796875 0.6312500000000001 0.032031250000000004 0.034375
2 0.8289062500000001 0.8699218750000001 0.09843750000000001 0.11171875
2 0.705078125 0.9734375000000001 0.12109375 0.053125000000000006
2 0.8933593750000001 0.8453125 0.039843750000000004 0.026562500000000003
2 0.7410156250000001 0.15625 0.03359375 0.034375
