0 0.028515625000000003 0.66796875 0.04296875 0.035937500000000004
2 0.5265625 0.217578125 0.037500000000000006 0.03828125
2 0.75703125 0.1296875 0.0546875 0.043750000000000004
2 0.88828125 0.31757812500000004 0.084375 0.06015625
2 0.556640625 0.48828125 0.05234375 0.043750000000000004
0 0.279296875 0.41328125000000004 0.05234375 0.037500000000000006
2 0.431640625 0.864453125 0.047656250000000004 0.06796875000000001
2 0.29765625 0.491015625 0.045312500000000006 0.039843750000000004
2 0.44648437500000004 0.5 0.032031250000000004 0.035937500000000004
2 0.366796875 0.7644531250000001 0.06171875 0.05390625
2 0.073046875 0.7976562500000001 0.04296875 0.0578125
