2 0.136328125 0.571875 0.05234375 0.0671875
2 0.0027343750000000003 0.634765625 0.0054687500000000005 0.049218750000000006
2 0.022656250000000003 0.61640625 0.035937500000000004 0.0703125
0 0.078125 0.8125 0.0328125 0.0484375
2 0.323046875 0.539453125 0.049218750000000006 0.039843750000000004
2 0.24531250000000002 0.5867187500000001 0.06406250000000001 0.05625
2 0.45703125 0.7125 0.0390625 0.05625
2 0.3953125 0.665234375 0.034375 0.02890625
2 0.52265625 0.8328125000000001 0.034375 0.045312500000000006
2 0.06953125 0.7605468750000001 0.037500000000000006 0.041406250000000006
2 0.06484375 0.703125 0.037500000000000006 0.034375
2 0.5296875 0.6312500000000001 0.035937500000000004 0.06406250000000001
2 0.3671875 0.6125 0.035937500000000004 0.034375
