0 0.15195312500000002 0.22812500000000002 0.04296875 0.045312500000000006
0 0.48828125 0.4296875 0.035937500000000004 0.026562500000000003
0 0.18984375 0.8375 0.037500000000000006 0.046875
2 0.748046875 0.985546875 0.03828125 0.02890625
2 0.45234375000000004 0.96484375 0.053125000000000006 0.0578125
2 0.11484375000000001 0.7347656250000001 0.043750000000000004 0.06328125
2 0.017968750000000002 0.6351562500000001 0.034375 0.045312500000000006
2 0.425390625 0.579296875 0.04296875 0.08203125
2 0.29726562500000003 0.5046875000000001 0.030468750000000003 0.0546875
2 0.39687500000000003 0.37617187500000004 0.045312500000000006 0.03828125
2 0.086328125 0.15000000000000002 0.06796875000000001 0.12812500000000002
2 0.1859375 0.0054687500000000005 0.0484375 0.010937500000000001
