2 0.35976562500000003 0.63046875 0.047656250000000004 0.046875
2 0.9925781250000001 0.571875 0.014843750000000001 0.0671875
2 0.809765625 0.512890625 0.041406250000000006 0.02734375
2 0.7175781250000001 0.5359375000000001 0.041406250000000006 0.065625
2 0.8679687500000001 0.634765625 0.025 0.049218750000000006
2 0.89765625 0.61640625 0.035937500000000004 0.0703125
2 0.767578125 0.7367187500000001 0.06015625 0.096875
2 0.675 0.696484375 0.037500000000000006 0.05078125
2 0.646484375 0.6515625 0.039843750000000004 0.034375
0 0.953125 0.8125 0.0328125 0.0484375
2 0.587109375 0.8558593750000001 0.05859375 0.05859375
2 0.582421875 0.8011718750000001 0.04453125 0.03359375
2 0.94453125 0.7605468750000001 0.037500000000000006 0.041406250000000006
2 0.41250000000000003 0.7292968750000001 0.045312500000000006 0.05234375
2 0.9398437500000001 0.703125 0.037500000000000006 0.034375
