2 0.211328125 0.571875 0.05234375 0.0671875
2 0.015234375000000001 0.512890625 0.030468750000000003 0.02734375
2 0.06796875000000001 0.634765625 0.025 0.049218750000000006
2 0.09765625 0.61640625 0.035937500000000004 0.0703125
0 0.153125 0.8125 0.0328125 0.0484375
2 0.398046875 0.539453125 0.049218750000000006 0.039843750000000004
2 0.3203125 0.5867187500000001 0.06406250000000001 0.05625
2 0.5320312500000001 0.7125 0.0390625 0.05625
2 0.4703125 0.665234375 0.034375 0.02890625
2 0.59765625 0.8328125000000001 0.034375 0.045312500000000006
2 0.14453125 0.7605468750000001 0.037500000000000006 0.041406250000000006
2 0.13984375000000002 0.703125 0.037500000000000006 0.034375
2 0.6046875 0.6312500000000001 0.035937500000000004 0.06406250000000001
2 0.4421875 0.6125 0.035937500000000004 0.034375
