0 0.19062500000000002 0.5906250000000001 0.043750000000000004 0.037500000000000006
0 0.421875 0.32929687500000004 0.028125 0.02890625
2 0.466796875 0.692578125 0.06015625 0.07890625000000001
2 0.242578125 0.19257812500000002 0.05078125 0.05390625
2 0.3921875 0.128515625 0.035937500000000004 0.022656250000000003
2 0.1046875 0.490234375 0.059375000000000004 0.08359375000000001
2 0.019140625 0.38671875 0.03828125 0.0546875
2 0.9089843750000001 0.051171875000000006 0.049218750000000006 0.06015625
2 0.46640625 0.18710937500000002 0.046875 0.032031250000000004
2 0.7359375 0.7578125 0.028125 0.0421875
