0 0.220703125 0.377734375 0.04296875 0.039843750000000004
2 0.10898437500000001 0.30117187500000003 0.049218750000000006 0.06015625
2 0.30312500000000003 0.8578125000000001 0.045312500000000006 0.045312500000000006
2 0.610546875 0.9851562500000001 0.032031250000000004 0.029687500000000002
1 0.8453125 0.2765625 0.309375 0.553125
2 0.35976562500000003 0.96015625 0.08359375000000001 0.07968750000000001
2 0.976171875 0.716015625 0.047656250000000004 0.05390625
2 0.98984375 0.6292968750000001 0.0203125 0.032031250000000004
2 0.878515625 0.808203125 0.06015625 0.03828125
2 0.7175781250000001 0.8515625 0.03359375 0.035937500000000004
2 0.762890625 0.934765625 0.05078125 0.039843750000000004
2 0.7058593750000001 0.98984375 0.032031250000000004 0.0203125
