2 0.35078125000000004 0.6433593750000001 0.0765625 0.07265625
2 0.7781250000000001 0.7503906250000001 0.08750000000000001 0.09140625000000001
2 0.66171875 0.7152343750000001 0.046875 0.039843750000000004
2 0.6000000000000001 0.8757812500000001 0.045312500000000006 0.046875
2 0.548828125 0.8390625 0.02421875 0.043750000000000004
2 0.53671875 0.7605468750000001 0.0484375 0.049218750000000006
2 0.41875 0.73828125 0.037500000000000006 0.034375
2 0.71796875 0.562109375 0.08281250000000001 0.08046875
2 0.80390625 0.531640625 0.0328125 0.041406250000000006
2 0.9011718750000001 0.6468750000000001 0.041406250000000006 0.046875
2 0.8464843750000001 0.6429687500000001 0.05390625 0.0578125
2 0.990234375 0.57734375 0.01953125 0.045312500000000006
2 0.923046875 0.77265625 0.041406250000000006 0.035937500000000004
2 0.93671875 0.7132812500000001 0.035937500000000004 0.035937500000000004
0 0.94921875 0.8269531250000001 0.0234375 0.041406250000000006
2 0.102734375 0.529296875 0.06015625 0.032031250000000004
