2 0.026171875 0.6468750000000001 0.041406250000000006 0.046875
2 0.123046875 0.57734375 0.03515625 0.045312500000000006
2 0.048046875 0.77265625 0.041406250000000006 0.035937500000000004
2 0.06171875 0.7132812500000001 0.035937500000000004 0.035937500000000004
0 0.07421875 0.8269531250000001 0.0234375 0.041406250000000006
2 0.44570312500000003 0.7265625 0.041406250000000006 0.05625
2 0.5261718750000001 0.6312500000000001 0.04296875 0.09531250000000001
2 0.386328125 0.690625 0.030468750000000003 0.05
2 0.366796875 0.625 0.039843750000000004 0.018750000000000003
2 0.31171875000000004 0.55 0.043750000000000004 0.035937500000000004
2 0.238671875 0.60859375 0.05234375 0.037500000000000006
