0 0.14609375 0.23007812500000002 0.035937500000000004 0.04296875
0 0.19062500000000002 0.8406250000000001 0.043750000000000004 0.037500000000000006
0 0.421875 0.579296875 0.028125 0.02890625
2 0.466796875 0.942578125 0.06015625 0.07890625000000001
2 0.080078125 0.15625 0.07265625 0.12812500000000002
2 0.242578125 0.44257812500000004 0.05078125 0.05390625
2 0.3921875 0.378515625 0.035937500000000004 0.022656250000000003
2 0.1046875 0.740234375 0.059375000000000004 0.08359375000000001
2 0.019140625 0.63671875 0.03828125 0.0546875
2 0.9089843750000001 0.30117187500000003 0.049218750000000006 0.06015625
2 0.46640625 0.437109375 0.046875 0.032031250000000004
2 0.7359375 0.993359375 0.028125 0.013281250000000001
