0 0.220703125 0.127734375 0.04296875 0.039843750000000004
2 0.10898437500000001 0.051171875000000006 0.049218750000000006 0.06015625
2 0.30312500000000003 0.6078125000000001 0.045312500000000006 0.045312500000000006
2 0.610546875 0.7449218750000001 0.032031250000000004 0.049218750000000006
1 0.8453125 0.15156250000000002 0.309375 0.30312500000000003
2 0.35976562500000003 0.719921875 0.08359375000000001 0.09921875000000001
2 0.976171875 0.46601562500000004 0.047656250000000004 0.05390625
2 0.98984375 0.37929687500000003 0.0203125 0.032031250000000004
2 0.878515625 0.558203125 0.06015625 0.03828125
2 0.7175781250000001 0.6015625 0.03359375 0.035937500000000004
2 0.762890625 0.684765625 0.05078125 0.039843750000000004
2 0.7058593750000001 0.749609375 0.032031250000000004 0.039843750000000004
