2 0.010937500000000001 0.7503906250000001 0.021875000000000002 0.09140625000000001
2 0.01015625 0.531640625 0.0203125 0.041406250000000006
2 0.10117187500000001 0.6468750000000001 0.041406250000000006 0.046875
2 0.046484375 0.6429687500000001 0.05390625 0.0578125
2 0.198046875 0.57734375 0.03515625 0.045312500000000006
2 0.123046875 0.77265625 0.041406250000000006 0.035937500000000004
2 0.13671875 0.7132812500000001 0.035937500000000004 0.035937500000000004
0 0.14921875 0.8269531250000001 0.0234375 0.041406250000000006
2 0.520703125 0.7265625 0.041406250000000006 0.05625
2 0.601171875 0.6312500000000001 0.04296875 0.09531250000000001
2 0.46132812500000003 0.690625 0.030468750000000003 0.05
2 0.44179687500000003 0.625 0.039843750000000004 0.018750000000000003
2 0.38671875 0.55 0.043750000000000004 0.035937500000000004
2 0.31367187500000004 0.60859375 0.05234375 0.037500000000000006
