2 0.21796875000000002 0.125 0.0671875 0.053125000000000006
2 0.114453125 0.051953125 0.041406250000000006 0.05859375
2 0.0671875 0.36171875000000003 0.0390625 0.0671875
2 0.30195312500000004 0.608984375 0.039843750000000004 0.05078125
2 0.6042968750000001 0.7449218750000001 0.041406250000000006 0.04453125
2 0.712109375 0.61640625 0.039843750000000004 0.0578125
2 0.759765625 0.6828125 0.01953125 0.035937500000000004
2 0.9 0.55078125 0.0421875 0.0421875
1 0.87265625 0.13007812500000002 0.2546875 0.26015625000000003
2 0.73046875 0.18515625000000002 0.046875 0.0546875
2 0.9847656250000001 0.4734375 0.030468750000000003 0.0578125
2 0.99375 0.38398437500000004 0.0125 0.041406250000000006
2 0.930859375 0.6359375 0.049218750000000006 0.035937500000000004
