0 0.15156250000000002 0.005859375 0.037500000000000006 0.01171875
2 0.397265625 0.1328125 0.049218750000000006 0.043750000000000004
2 0.23398437500000002 0.197265625 0.08046875 0.06171875
2 0.440234375 0.3359375 0.05234375 0.0578125
2 0.17304687500000002 0.591796875 0.02109375 0.05234375
2 0.036328125 0.39492187500000003 0.06171875 0.05078125
2 0.115625 0.487890625 0.0390625 0.06171875
2 0.9921875 0.125 0.015625 0.053125000000000006
2 0.9144531250000001 0.051953125 0.041406250000000006 0.05859375
2 0.8671875 0.36171875000000003 0.0390625 0.0671875
