2 0.35078125000000004 0.6410156250000001 0.045312500000000006 0.05078125
2 0.343359375 0.5609375 0.03828125 0.0671875
2 0.5261718750000001 0.548828125 0.06015625 0.05390625
2 0.7113281250000001 0.558203125 0.06328125 0.09140625000000001
2 0.80390625 0.5296875 0.037500000000000006 0.045312500000000006
2 0.96796875 0.573828125 0.037500000000000006 0.049218750000000006
2 0.8546875 0.6488281250000001 0.035937500000000004 0.06171875
2 0.919921875 0.6515625 0.030468750000000003 0.059375000000000004
0 0.934765625 0.8289062500000001 0.05234375 0.0671875
2 0.76953125 0.749609375 0.09843750000000001 0.09296875
2 0.6328125 0.69140625 0.035937500000000004 0.046875
2 0.6410156250000001 0.7898437500000001 0.03828125 0.05625
2 0.6023437500000001 0.7957031250000001 0.037500000000000006 0.04453125
2 0.5390625 0.8289062500000001 0.037500000000000006 0.045312500000000006
2 0.7703125000000001 0.86484375 0.0484375 0.0546875
2 0.943359375 0.7328125000000001 0.04296875 0.059375000000000004
2 0.586328125 0.8640625000000001 0.05859375 0.037500000000000006
2 0.496875 0.958203125 0.0484375 0.06015625
