2 0.21796875000000002 0.375 0.0671875 0.053125000000000006
2 0.114453125 0.30195312500000004 0.041406250000000006 0.05859375
2 0.0140625 0.1171875 0.028125 0.09062500000000001
2 0.0671875 0.6117187500000001 0.0390625 0.0671875
2 0.30195312500000004 0.858984375 0.039843750000000004 0.05078125
2 0.6042968750000001 0.986328125 0.041406250000000006 0.02734375
2 0.712109375 0.86640625 0.039843750000000004 0.0578125
2 0.759765625 0.9328125 0.01953125 0.035937500000000004
2 0.9 0.80078125 0.0421875 0.0421875
1 0.87265625 0.255078125 0.2546875 0.51015625
0 0.718359375 0.205078125 0.041406250000000006 0.05234375
0 0.6082031250000001 0.19101562500000002 0.047656250000000004 0.05859375
2 0.73046875 0.43515625 0.046875 0.0546875
2 0.9847656250000001 0.7234375000000001 0.030468750000000003 0.0578125
2 0.99375 0.633984375 0.0125 0.041406250000000006
2 0.930859375 0.8859375 0.049218750000000006 0.035937500000000004
