2 0.011328125000000001 0.5296875 0.022656250000000003 0.045312500000000006
2 0.16796875 0.573828125 0.037500000000000006 0.049218750000000006
2 0.0546875 0.6488281250000001 0.035937500000000004 0.06171875
2 0.11992187500000001 0.6515625 0.030468750000000003 0.059375000000000004
0 0.134765625 0.8289062500000001 0.05234375 0.0671875
2 0.30859375 0.6117187500000001 0.07500000000000001 0.0546875
2 0.456640625 0.6746093750000001 0.030468750000000003 0.047656250000000004
2 0.5164062500000001 0.719921875 0.035937500000000004 0.041406250000000006
2 0.143359375 0.7328125000000001 0.04296875 0.059375000000000004
2 0.6003906250000001 0.634765625 0.041406250000000006 0.05078125
