2 0.07578125000000001 0.15546875000000002 0.0859375 0.13593750000000002
2 0.1859375 0.00625 0.046875 0.0125
0 0.15156250000000002 0.23945312500000002 0.037500000000000006 0.04453125
2 0.397265625 0.3828125 0.049218750000000006 0.043750000000000004
2 0.23398437500000002 0.447265625 0.08046875 0.06171875
2 0.440234375 0.5859375 0.05234375 0.0578125
2 0.17304687500000002 0.841796875 0.02109375 0.05234375
2 0.036328125 0.6449218750000001 0.06171875 0.05078125
2 0.115625 0.737890625 0.0390625 0.06171875
2 0.9921875 0.375 0.015625 0.053125000000000006
2 0.9144531250000001 0.30195312500000004 0.041406250000000006 0.05859375
2 0.79453125 0.1171875 0.0671875 0.09062500000000001
2 0.8671875 0.6117187500000001 0.0390625 0.0671875
