0 0.934765625 0.03125 0.05234375 0.0625
0 0.6421875 0.45703125 0.1875 0.2765625
2 0.6410156250000001 0.008984375000000001 0.03828125 0.017968750000000002
2 0.6023437500000001 0.008984375000000001 0.037500000000000006 0.017968750000000002
2 0.5390625 0.02890625 0.037500000000000006 0.045312500000000006
2 0.7703125000000001 0.06484375 0.0484375 0.0546875
2 0.586328125 0.06406250000000001 0.05859375 0.037500000000000006
2 0.496875 0.158203125 0.0484375 0.06015625
2 0.579296875 0.2703125 0.039843750000000004 0.0390625
2 0.974609375 0.8921875 0.05078125 0.06406250000000001
1 0.114453125 0.8894531250000001 0.22890625 0.22109375
