2 0.294921875 0.17695312500000002 0.02890625 0.05234375
0 0.35585937500000003 0.24140625000000002 0.04296875 0.0484375
0 0.291015625 0.919921875 0.21328125 0.16015625
2 0.7699218750000001 0.31289062500000003 0.06015625 0.08359375000000001
2 0.671875 0.018359375 0.06406250000000001 0.03671875
2 0.8660156250000001 0.444921875 0.030468750000000003 0.041406250000000006
2 0.7273437500000001 0.46718750000000003 0.0671875 0.034375
2 0.767578125 0.645703125 0.041406250000000006 0.032031250000000004
0 0.6214843750000001 0.439453125 0.041406250000000006 0.041406250000000006
0 0.602734375 0.520703125 0.041406250000000006 0.030468750000000003
0 0.4625 0.6472656250000001 0.034375 0.039843750000000004
0 0.478125 0.5984375000000001 0.0546875 0.037500000000000006
0 0.602734375 0.763671875 0.11953125 0.13515625
0 0.521484375 0.91171875 0.17421875 0.1546875
