0 0.34414062500000003 0.42031250000000003 0.05078125 0.065625
0 0.291015625 0.178125 0.041406250000000006 0.05
0 0.40664062500000003 0.094140625 0.02109375 0.05234375
0 0.476171875 0.0734375 0.01953125 0.026562500000000003
0 0.6140625000000001 0.10703125000000001 0.025 0.029687500000000002
0 0.70703125 0.3296875 0.037500000000000006 0.0546875
0 0.6960937500000001 0.234765625 0.029687500000000002 0.030468750000000003
2 0.7203125 0.40078125000000003 0.037500000000000006 0.037500000000000006
2 0.55078125 0.56796875 0.035937500000000004 0.046875
0 0.978515625 0.6671875 0.039843750000000004 0.0484375
