2 0.17304687500000002 0.09609375 0.06484375 0.0765625
2 0.671875 0.06953125 0.025 0.0484375
2 0.323828125 0.508984375 0.030468750000000003 0.06171875
2 0.203515625 0.501953125 0.030468750000000003 0.05234375
2 0.396484375 0.423828125 0.04296875 0.039843750000000004
2 0.491796875 0.5066406250000001 0.041406250000000006 0.05078125
2 0.4625 0.7136718750000001 0.05625 0.07265625
2 0.17148437500000002 0.7738281250000001 0.05078125 0.10078125
0 0.133203125 0.9207031250000001 0.04453125 0.06171875
0 0.49765625 0.9652343750000001 0.026562500000000003 0.05859375
