2 0.011328125000000001 0.115625 0.022656250000000003 0.037500000000000006
2 0.50390625 0.170703125 0.0578125 0.06328125
2 0.7488281250000001 0.096875 0.06015625 0.0671875
2 0.34375 0.265234375 0.05625 0.041406250000000006
2 0.55 0.482421875 0.0578125 0.06484375
2 0.7703125000000001 0.48945312500000004 0.046875 0.06171875
2 0.6507812500000001 0.64765625 0.034375 0.045312500000000006
2 0.32148437500000004 0.5867187500000001 0.041406250000000006 0.05625
2 0.19062500000000002 0.703125 0.059375000000000004 0.07500000000000001
2 0.17304687500000002 0.89609375 0.06484375 0.0765625
2 0.671875 0.8695312500000001 0.025 0.0484375
