2 0.16171875000000002 0.01015625 0.043750000000000004 0.0203125
2 0.18281250000000002 0.24335937500000002 0.045312500000000006 0.06328125
2 0.262890625 0.060937500000000006 0.06171875 0.0765625
2 0.333984375 0.435546875 0.07421875 0.07421875
2 0.327734375 0.33125000000000004 0.05078125 0.065625
2 0.919921875 0.43203125000000003 0.04453125 0.045312500000000006
2 0.7933593750000001 0.6566406250000001 0.04296875 0.05078125
2 0.48750000000000004 0.731640625 0.07500000000000001 0.05234375
2 0.24726562500000002 0.8949218750000001 0.06015625 0.08359375000000001
2 0.191796875 0.9125000000000001 0.030468750000000003 0.045312500000000006
