2 0.021484375 0.044140625 0.04296875 0.05390625
2 0.283984375 0.40546875000000004 0.05078125 0.05625
2 0.30625 0.64375 0.046875 0.05625
2 0.50625 0.913671875 0.046875 0.05234375
2 0.976171875 0.08164062500000001 0.047656250000000004 0.05390625
1 0.9750000000000001 0.5328125 0.045312500000000006 0.0578125
0 0.925 0.919140625 0.045312500000000006 0.05859375
0 0.99375 0.49843750000000003 0.0125 0.037500000000000006
2 0.8828125 0.5808593750000001 0.0484375 0.05859375
2 0.962109375 0.7722656250000001 0.06015625 0.08984375
