2 0.5640625 0.491796875 0.09531250000000001 0.06953125
2 0.790625 0.49453125000000003 0.059375000000000004 0.0671875
2 0.65 0.6625000000000001 0.05625 0.059375000000000004
2 0.31093750000000003 0.58828125 0.065625 0.05625
2 0.462890625 0.9714843750000001 0.06171875 0.057031250000000006
2 0.18710937500000002 0.8816406250000001 0.06953125 0.05390625
2 0.7464843750000001 0.9714843750000001 0.05234375 0.057031250000000006
2 0.9617187500000001 0.7984375 0.043750000000000004 0.043750000000000004
2 0.508203125 0.183984375 0.041406250000000006 0.03359375
2 0.35546875 0.26328125 0.0546875 0.045312500000000006
2 0.8792968750000001 0.30390625000000004 0.05234375 0.0671875
