2 0.462890625 0.173828125 0.06171875 0.06171875
2 0.18710937500000002 0.08164062500000001 0.06953125 0.05390625
2 0.7464843750000001 0.17304687500000002 0.05234375 0.06015625
2 0.9617187500000001 0.01015625 0.043750000000000004 0.0203125
2 0.980078125 0.24335937500000002 0.039843750000000004 0.06328125
1 0.586328125 0.6175781250000001 0.26171875 0.66796875
1 0.17500000000000002 0.5328125 0.045312500000000006 0.0578125
0 0.125 0.919140625 0.045312500000000006 0.05859375
0 0.327734375 0.5066406250000001 0.032031250000000004 0.032031250000000004
0 0.20820312500000002 0.49843750000000003 0.041406250000000006 0.037500000000000006
2 0.08281250000000001 0.5808593750000001 0.0484375 0.05859375
2 0.162109375 0.7722656250000001 0.06015625 0.08984375
2 0.98828125 0.9125000000000001 0.0234375 0.045312500000000006
