2 0.17578125 0.40546875000000004 0.045312500000000006 0.08281250000000001
2 0.1625 0.26015625000000003 0.0484375 0.06875
2 0.15781250000000002 0.019140625 0.028125 0.03828125
2 0.3296875 0.074609375 0.0546875 0.09296875
2 0.24179687500000002 0.90625 0.07109375 0.1046875
2 0.829296875 0.8406250000000001 0.06328125 0.0546875
2 0.49726562500000004 0.73359375 0.07265625 0.065625
2 0.8 0.6781250000000001 0.037500000000000006 0.065625
2 0.8718750000000001 0.550390625 0.0234375 0.039843750000000004
2 0.925390625 0.433203125 0.06328125 0.04453125
2 0.8375 0.45625000000000004 0.043750000000000004 0.05
2 0.470703125 0.516015625 0.03359375 0.041406250000000006
2 0.677734375 0.176171875 0.055468750000000004 0.10078125
