2 0.9578125000000001 0.808203125 0.028125 0.06015625
2 0.7406250000000001 0.97578125 0.0484375 0.0484375
2 0.465625 0.972265625 0.045312500000000006 0.055468750000000004
2 0.6511718750000001 0.6640625 0.02890625 0.045312500000000006
2 0.323046875 0.606640625 0.05234375 0.049218750000000006
2 0.18359375 0.895703125 0.0546875 0.07265625
2 0.662109375 0.87265625 0.04296875 0.059375000000000004
2 0.494921875 0.184375 0.04453125 0.0546875
2 0.34882812500000004 0.275 0.05234375 0.065625
2 0.8832031250000001 0.30781250000000004 0.07421875 0.0765625
