0 0.6472656250000001 0.501171875 0.06328125 0.03828125
2 0.6316406250000001 0.41054687500000003 0.05390625 0.03359375
2 0.44960937500000003 0.45937500000000003 0.041406250000000006 0.0546875
2 0.27773437500000003 0.60859375 0.041406250000000006 0.045312500000000006
2 0.45156250000000003 0.7976562500000001 0.05625 0.0578125
2 0.242578125 0.6664062500000001 0.04453125 0.035937500000000004
2 0.7875000000000001 0.47382812500000004 0.05625 0.06015625
2 0.9515625000000001 0.9890625000000001 0.046875 0.021875000000000002
2 0.950390625 0.775390625 0.06328125 0.03359375
2 0.9105468750000001 0.70703125 0.05078125 0.045312500000000006
