2 0.22617187500000002 0.575390625 0.06015625 0.07109375
2 0.48515625 0.7152343750000001 0.059375000000000004 0.05390625
2 0.805859375 0.7253906250000001 0.11015625000000001 0.08984375
2 0.0078125 0.47382812500000004 0.015625 0.06015625
2 0.316015625 0.649609375 0.047656250000000004 0.05234375
2 0.15156250000000002 0.9890625000000001 0.046875 0.021875000000000002
2 0.22968750000000002 0.69140625 0.096875 0.035937500000000004
2 0.150390625 0.775390625 0.06328125 0.03359375
2 0.110546875 0.70703125 0.05078125 0.045312500000000006
2 0.30000000000000004 0.831640625 0.037500000000000006 0.05078125
