2 0.008984375000000001 0.16562500000000002 0.017968750000000002 0.037500000000000006
2 0.290234375 0.8859375 0.08046875 0.1046875
2 0.55390625 0.722265625 0.037500000000000006 0.05078125
2 0.223046875 0.390625 0.049218750000000006 0.06406250000000001
2 0.21484375 0.23515625 0.043750000000000004 0.05625
2 0.534375 0.49453125000000003 0.035937500000000004 0.05625
2 0.985546875 0.424609375 0.02890625 0.032031250000000004
2 0.98359375 0.33242187500000003 0.0328125 0.05859375
2 0.8367187500000001 0.649609375 0.0484375 0.06328125
2 0.203515625 0.01171875 0.039843750000000004 0.0234375
2 0.3671875 0.046875 0.053125000000000006 0.045312500000000006
2 0.7203125 0.162109375 0.059375000000000004 0.10234375000000001
