2 0.215234375 0.8859375 0.08046875 0.1046875
2 0.47890625000000003 0.722265625 0.037500000000000006 0.05078125
2 0.148046875 0.390625 0.049218750000000006 0.06406250000000001
2 0.13984375000000002 0.23515625 0.043750000000000004 0.05625
2 0.45937500000000003 0.49453125000000003 0.035937500000000004 0.05625
2 0.915234375 0.424609375 0.03828125 0.032031250000000004
2 0.91953125 0.33242187500000003 0.0546875 0.05859375
2 0.76171875 0.649609375 0.0484375 0.06328125
2 0.128515625 0.01171875 0.039843750000000004 0.0234375
2 0.2921875 0.046875 0.053125000000000006 0.045312500000000006
2 0.6453125000000001 0.162109375 0.059375000000000004 0.10234375000000001
