2 0.259765625 0.132421875 0.06796875000000001 0.08203125
2 0.330078125 0.47109375000000003 0.06015625 0.05625
2 0.5242187500000001 0.6390625000000001 0.037500000000000006 0.037500000000000006
2 0.296875 0.9320312500000001 0.037500000000000006 0.084375
2 0.11992187500000001 0.8406250000000001 0.05078125 0.06406250000000001
0 0.9910156250000001 0.018359375 0.017968750000000002 0.03671875
0 0.816015625 0.04453125 0.049218750000000006 0.0546875
2 0.623046875 0.354296875 0.07265625 0.06015625
2 0.84296875 0.766796875 0.035937500000000004 0.041406250000000006
2 0.941015625 0.845703125 0.02890625 0.030468750000000003
2 0.6996093750000001 0.9187500000000001 0.06015625 0.08750000000000001
