2 0.13671875 0.094921875 0.0546875 0.08203125
2 0.6062500000000001 0.043359375000000006 0.046875 0.049218750000000006
2 0.56953125 0.20039062500000002 0.0546875 0.06015625
2 0.46601562500000004 0.45078125 0.04296875 0.09531250000000001
2 0.304296875 0.665625 0.041406250000000006 0.0578125
2 0.259765625 0.9324218750000001 0.06796875000000001 0.08203125
2 0.023046875 0.401953125 0.04609375 0.041406250000000006
2 0.20703125 0.291015625 0.0578125 0.06796875000000001
2 0.790234375 0.046875 0.049218750000000006 0.07500000000000001
2 0.9437500000000001 0.42617187500000003 0.045312500000000006 0.05234375
0 0.9910156250000001 0.810546875 0.017968750000000002 0.05234375
0 0.9632812500000001 0.70703125 0.035937500000000004 0.045312500000000006
0 0.816015625 0.8445312500000001 0.049218750000000006 0.0546875
0 0.8523437500000001 0.77890625 0.028125 0.034375
