2 0.0074218750000000005 0.046875 0.014843750000000001 0.07500000000000001
2 0.556640625 0.16523437500000002 0.08046875 0.049218750000000006
2 0.601171875 0.079296875 0.05859375 0.05859375
2 0.5171875 0.10078125 0.053125000000000006 0.045312500000000006
2 0.27578125000000003 0.3484375 0.0578125 0.053125000000000006
2 0.14375000000000002 0.42617187500000003 0.045312500000000006 0.05234375
2 0.7917968750000001 0.3984375 0.02890625 0.07500000000000001
2 0.6687500000000001 0.29375 0.045312500000000006 0.0578125
2 0.45546875000000003 0.56640625 0.0578125 0.059375000000000004
0 0.20546875 0.810546875 0.046875 0.05234375
0 0.555859375 0.88984375 0.05234375 0.05625
0 0.16328125000000002 0.70703125 0.035937500000000004 0.045312500000000006
0 0.0203125 0.8445312500000001 0.040625 0.0546875
0 0.05234375 0.77890625 0.028125 0.034375
0 0.24453125 0.7035156250000001 0.028125 0.030468750000000003
2 0.42578125 0.9734375000000001 0.065625 0.053125000000000006
