2 0.20468750000000002 0.022265625 0.053125000000000006 0.04453125
2 0.017578125 0.032031250000000004 0.03515625 0.053125000000000006
2 0.433203125 0.180078125 0.041406250000000006 0.06484375
2 0.547265625 0.07187500000000001 0.03671875 0.053125000000000006
2 0.443359375 0.06601562500000001 0.02890625 0.049218750000000006
2 0.517578125 0.00703125 0.06484375 0.0140625
2 0.8558593750000001 0.08515625 0.03671875 0.0625
2 0.255078125 0.43281250000000004 0.06484375 0.06875
2 0.034375 0.76875 0.0328125 0.040625
2 0.141015625 0.8609375 0.057031250000000006 0.053125000000000006
2 0.7375 0.7609375 0.08125 0.0734375
