2 0.56640625 0.17695312500000002 0.0546875 0.06484375
2 0.51015625 0.087890625 0.03125 0.030468750000000003
2 0.26992187500000003 0.34101562500000004 0.05078125 0.06484375
2 0.21875 0.22421875000000002 0.06875 0.0703125
2 0.141015625 0.425390625 0.049218750000000006 0.06484375
2 0.241015625 0.499609375 0.041406250000000006 0.05234375
2 0.15859375 0.7019531250000001 0.060937500000000006 0.06484375
2 0.20468750000000002 0.8140625 0.053125000000000006 0.060937500000000006
2 0.049609375000000004 0.7828125 0.06640625 0.046875
2 0.017578125 0.83203125 0.03515625 0.053125000000000006
2 0.433203125 0.973828125 0.041406250000000006 0.05234375
2 0.547265625 0.8718750000000001 0.03671875 0.053125000000000006
2 0.443359375 0.8660156250000001 0.02890625 0.049218750000000006
2 0.517578125 0.7898437500000001 0.06484375 0.0484375
2 0.43593750000000003 0.58359375 0.08281250000000001 0.060937500000000006
2 0.8558593750000001 0.8851562500000001 0.03671875 0.0625
