2 0.298046875 0.927734375 0.049218750000000006 0.07734375
2 0.334765625 0.47421875 0.05078125 0.0625
0 0.26992187500000003 0.126953125 0.03671875 0.02890625
2 0.6351562500000001 0.5125000000000001 0.0546875 0.0765625
2 0.5234375 0.628515625 0.0546875 0.04453125
2 0.9890625000000001 0.022265625 0.021875000000000002 0.04453125
2 0.8015625000000001 0.032031250000000004 0.0671875 0.053125000000000006
2 0.7644531250000001 0.176171875 0.049218750000000006 0.049218750000000006
2 0.8343750000000001 0.76875 0.0328125 0.040625
2 0.941015625 0.8609375 0.057031250000000006 0.053125000000000006
