1 0.30195312500000004 0.505078125 0.53359375 0.27890625
0 0.12070312500000001 0.724609375 0.05078125 0.049218750000000006
0 0.26992187500000003 0.926953125 0.03671875 0.02890625
0 0.611328125 0.0421875 0.03828125 0.0390625
0 0.575390625 0.201953125 0.03515625 0.04296875
2 0.205859375 0.284375 0.04453125 0.059375000000000004
2 0.76953125 0.033984375000000004 0.0671875 0.04609375
2 0.9921875 0.22421875000000002 0.015625 0.0703125
2 0.941015625 0.425390625 0.049218750000000006 0.06484375
2 0.69453125 0.43359375 0.05625 0.0328125
2 0.95859375 0.7019531250000001 0.060937500000000006 0.06484375
2 0.9890625000000001 0.8140625 0.021875000000000002 0.060937500000000006
2 0.849609375 0.7828125 0.06640625 0.046875
2 0.8015625000000001 0.83203125 0.0671875 0.053125000000000006
2 0.7644531250000001 0.97578125 0.049218750000000006 0.0484375
