2 0.197265625 0.28359375000000003 0.05859375 0.0484375
1 0.343359375 0.5339843750000001 0.46796875000000004 0.25078125
2 0.815625 0.8343750000000001 0.053125000000000006 0.0484375
2 0.1328125 0.7386718750000001 0.025 0.030468750000000003
2 0.601171875 0.043359375000000006 0.04453125 0.055468750000000004
2 0.778515625 0.038671875 0.06015625 0.05859375
2 0.7230468750000001 0.099609375 0.03359375 0.06171875
2 0.570703125 0.203125 0.039843750000000004 0.065625
0 0.882421875 0.6421875 0.05390625 0.06406250000000001
0 0.994140625 0.8140625 0.01171875 0.045312500000000006
