2 0.02109375 0.8343750000000001 0.0421875 0.0484375
2 0.55078125 0.173828125 0.05625 0.05078125
2 0.708203125 0.144921875 0.05234375 0.07421875
2 0.779296875 0.40859375000000003 0.02890625 0.0578125
2 0.8207031250000001 0.59140625 0.030468750000000003 0.035937500000000004
0 0.082421875 0.6421875 0.05390625 0.06406250000000001
0 0.213671875 0.8140625 0.05078125 0.045312500000000006
0 0.5417968750000001 0.87265625 0.06015625 0.046875
0 0.8578125000000001 0.884375 0.0484375 0.053125000000000006
2 0.275390625 0.35234375 0.030468750000000003 0.045312500000000006
2 0.46210937500000004 0.5886718750000001 0.07109375 0.07421875
2 0.435546875 0.9753906250000001 0.04296875 0.049218750000000006
