2 0.11328125 0.2890625 0.046875 0.0546875
2 0.8070312500000001 0.6410156250000001 0.053125000000000006 0.09296875
2 0.81640625 0.534375 0.05625 0.084375
2 0.608984375 0.516796875 0.049218750000000006 0.05234375
2 0.7019531250000001 0.712890625 0.041406250000000006 0.05234375
2 0.6371093750000001 0.7527343750000001 0.030468750000000003 0.05078125
2 0.675 0.401171875 0.046875 0.05078125
2 0.823828125 0.283984375 0.01953125 0.03828125
2 0.7718750000000001 0.226953125 0.053125000000000006 0.06328125
2 0.8210937500000001 0.118359375 0.0765625 0.06171875
2 0.73203125 0.08750000000000001 0.028125 0.046875
2 0.577734375 0.091796875 0.04453125 0.06015625
