2 0.016796875 0.6410156250000001 0.03359375 0.09296875
2 0.022265625 0.534375 0.04453125 0.084375
2 0.023828125000000002 0.283984375 0.01953125 0.03828125
2 0.029687500000000002 0.118359375 0.059375000000000004 0.06171875
2 0.7289062500000001 0.08476562500000001 0.1046875 0.07109375
2 0.5710937500000001 0.017578125 0.043750000000000004 0.03515625
2 0.749609375 0.178515625 0.06328125 0.05078125
2 0.5730468750000001 0.158203125 0.09140625000000001 0.08046875
2 0.30585937500000004 0.040625 0.049218750000000006 0.05625
2 0.640625 0.29726562500000003 0.05625 0.08203125
2 0.599609375 0.56015625 0.05234375 0.05625
2 0.810546875 0.9593750000000001 0.022656250000000003 0.029687500000000002
2 0.866796875 0.99140625 0.05859375 0.0171875
