2 0.029687500000000002 0.9183593750000001 0.059375000000000004 0.06171875
2 0.217578125 0.478515625 0.030468750000000003 0.04296875
2 0.448046875 0.586328125 0.03828125 0.039843750000000004
2 0.7289062500000001 0.884765625 0.1046875 0.07109375
2 0.706640625 0.7796875000000001 0.06015625 0.053125000000000006
2 0.5710937500000001 0.814453125 0.043750000000000004 0.041406250000000006
2 0.749609375 0.9765625 0.06328125 0.046875
2 0.5730468750000001 0.958203125 0.09140625000000001 0.08046875
2 0.30585937500000004 0.8406250000000001 0.049218750000000006 0.05625
0 0.7839843750000001 0.574609375 0.06171875 0.049218750000000006
2 0.98828125 0.5105468750000001 0.0234375 0.06171875
2 0.7585937500000001 0.390625 0.037500000000000006 0.046875
2 0.84296875 0.38789062500000004 0.046875 0.03828125
