2 0.20390625 0.487109375 0.046875 0.06015625
2 0.009375000000000001 0.91796875 0.018750000000000003 0.045312500000000006
2 0.298828125 0.8343750000000001 0.05234375 0.05625
2 0.31953125000000004 0.67734375 0.0484375 0.0671875
0 0.7921875 0.578125 0.0765625 0.096875
2 0.98046875 0.508984375 0.0390625 0.06171875
2 0.7507812500000001 0.40234375 0.0484375 0.045312500000000006
2 0.46875 0.6003906250000001 0.035937500000000004 0.04453125
2 0.41796875 0.591015625 0.045312500000000006 0.041406250000000006
2 0.714453125 0.8890625000000001 0.05078125 0.05625
2 0.689453125 0.76953125 0.041406250000000006 0.035937500000000004
2 0.55390625 0.948828125 0.065625 0.08359375000000001
