2 0.046875 0.21328125 0.06406250000000001 0.078125
2 0.16484375 0.701171875 0.0671875 0.06015625
2 0.257421875 0.6117187500000001 0.05234375 0.06875
2 0.495703125 0.0074218750000000005 0.03515625 0.014843750000000001
2 0.7046875 0.20468750000000002 0.0546875 0.07500000000000001
2 0.56875 0.22734375 0.05625 0.0765625
2 0.90234375 0.28945312500000003 0.07968750000000001 0.06328125
2 0.751953125 0.335546875 0.05234375 0.06015625
2 0.688671875 0.82734375 0.05234375 0.06406250000000001
0 0.779296875 0.9652343750000001 0.07109375 0.06953125
2 0.671484375 0.9652343750000001 0.15078125 0.06953125
2 0.576171875 0.685546875 0.09296875 0.06015625
