2 0.23789062500000002 0.01171875 0.041406250000000006 0.0234375
2 0.10234375000000001 0.28945312500000003 0.07968750000000001 0.06328125
2 0.8015625000000001 0.11796875000000001 0.034375 0.045312500000000006
2 0.7312500000000001 0.047265625000000006 0.037500000000000006 0.06015625
2 0.562890625 0.106640625 0.08984375 0.06328125
2 0.75546875 0.22968750000000002 0.045312500000000006 0.046875
2 0.7191406250000001 0.09921875000000001 0.05390625 0.045312500000000006
2 0.805859375 0.287109375 0.02890625 0.032031250000000004
2 0.65625 0.403125 0.046875 0.0578125
2 0.591796875 0.525 0.06171875 0.065625
2 0.78671875 0.534375 0.06406250000000001 0.06875
2 0.694921875 0.71484375 0.039843750000000004 0.053125000000000006
2 0.6265625 0.7562500000000001 0.035937500000000004 0.0390625
2 0.791015625 0.6433593750000001 0.11015625000000001 0.08046875
