2 0.009375000000000001 0.11796875000000001 0.018750000000000003 0.045312500000000006
2 0.01015625 0.287109375 0.0203125 0.032031250000000004
2 0.009375000000000001 0.534375 0.018750000000000003 0.06875
2 0.023046875 0.6433593750000001 0.04609375 0.08046875
2 0.25078125 0.743359375 0.045312500000000006 0.047656250000000004
2 0.298828125 0.034375 0.05234375 0.05625
2 0.374609375 0.27109375 0.041406250000000006 0.0484375
2 0.571875 0.5593750000000001 0.065625 0.0859375
2 0.51171875 0.404296875 0.0484375 0.049218750000000006
2 0.714453125 0.0890625 0.05078125 0.05625
2 0.55390625 0.148828125 0.065625 0.08359375000000001
2 0.687109375 0.6375000000000001 0.07265625 0.05625
2 0.84140625 0.9812500000000001 0.045312500000000006 0.037500000000000006
2 0.7976562500000001 0.96875 0.0578125 0.026562500000000003
