2 0.02734375 0.542578125 0.045312500000000006 0.041406250000000006
2 0.29726562500000003 0.417578125 0.03359375 0.039843750000000004
2 0.3140625 0.6312500000000001 0.053125000000000006 0.0671875
2 0.23789062500000002 0.8 0.041406250000000006 0.046875
2 0.65625 0.36757812500000003 0.065625 0.02890625
2 0.990234375 0.487109375 0.01953125 0.06015625
2 0.8015625000000001 0.91796875 0.034375 0.045312500000000006
2 0.7312500000000001 0.847265625 0.037500000000000006 0.06015625
2 0.562890625 0.9066406250000001 0.08984375 0.06328125
2 0.7191406250000001 0.8992187500000001 0.05390625 0.045312500000000006
