2 0.31875000000000003 0.23789062500000002 0.0734375 0.08203125
2 0.1125 0.58203125 0.0671875 0.05625
2 0.3984375 0.459765625 0.046875 0.049218750000000006
2 0.5625 0.05625 0.15781250000000002 0.1125
2 0.7347656250000001 0.17109375000000002 0.08046875 0.0859375
2 0.1875 0.683203125 0.0390625 0.06015625
2 0.05078125 0.8347656250000001 0.0546875 0.08984375
2 0.014843750000000001 0.888671875 0.029687500000000002 0.06328125
2 0.195703125 0.9875 0.03828125 0.025
2 0.9773437500000001 0.6937500000000001 0.028125 0.0484375
2 0.8765625 0.76328125 0.05625 0.0578125
2 0.882421875 0.90546875 0.05234375 0.05
