0 0.8207031250000001 0.291796875 0.22421875000000002 0.36796875
0 0.110546875 0.079296875 0.11640625 0.15859375
2 0.150390625 0.31289062500000003 0.04296875 0.06328125
2 0.296484375 0.31367187500000004 0.039843750000000004 0.05078125
2 0.358203125 0.26406250000000003 0.05234375 0.07968750000000001
2 0.4375 0.16796875 0.05625 0.0546875
2 0.677734375 0.2703125 0.041406250000000006 0.0671875
2 0.6316406250000001 0.322265625 0.03359375 0.05234375
2 0.4421875 0.5183593750000001 0.0578125 0.06015625
2 0.49609375 0.4703125 0.046875 0.037500000000000006
2 0.353515625 0.495703125 0.032031250000000004 0.030468750000000003
2 0.18906250000000002 0.4765625 0.0328125 0.046875
2 0.025 0.504296875 0.05 0.07265625
2 0.027734375000000002 0.645703125 0.055468750000000004 0.07109375
2 0.041015625 0.7933593750000001 0.05390625 0.041406250000000006
2 0.153125 0.544140625 0.0671875 0.049218750000000006
2 0.35976562500000003 0.697265625 0.06015625 0.049218750000000006
2 0.98828125 0.33515625000000004 0.0234375 0.0765625
