0 0.9105468750000001 0.079296875 0.11640625 0.15859375
2 0.41523437500000004 0.825390625 0.05234375 0.05859375
2 0.950390625 0.31289062500000003 0.04296875 0.06328125
2 0.986328125 0.4765625 0.02734375 0.046875
2 0.728515625 0.59375 0.039843750000000004 0.05625
2 0.78125 0.504296875 0.1375 0.07265625
2 0.503515625 0.4609375 0.05234375 0.045312500000000006
2 0.8234375 0.645703125 0.06406250000000001 0.07109375
2 0.841015625 0.7933593750000001 0.05390625 0.041406250000000006
2 0.953125 0.544140625 0.0671875 0.049218750000000006
