0 0.7921875 0.278515625 0.109375 0.11640625
1 0.7308593750000001 0.5417968750000001 0.20234375000000002 0.22421875000000002
2 0.132421875 0.7781250000000001 0.06015625 0.0546875
2 0.25390625 0.6570312500000001 0.0546875 0.05625
0 0.535546875 0.7609375 0.07109375 0.0765625
2 0.22890625 0.428515625 0.1484375 0.08046875
2 0.1609375 0.52109375 0.035937500000000004 0.046875
2 0.388671875 0.19101562500000002 0.06484375 0.07421875
2 0.665234375 0.37929687500000003 0.041406250000000006 0.06015625
2 0.419921875 0.063671875 0.04296875 0.049218750000000006
