0 0.8207031250000001 0.5417968750000001 0.22421875000000002 0.36796875
0 0.110546875 0.32539062500000004 0.11640625 0.16640625
2 0.150390625 0.562890625 0.04296875 0.06328125
2 0.296484375 0.563671875 0.039843750000000004 0.05078125
2 0.358203125 0.5140625 0.05234375 0.07968750000000001
2 0.4375 0.41796875 0.05625 0.0546875
2 0.677734375 0.5203125000000001 0.041406250000000006 0.0671875
2 0.6316406250000001 0.572265625 0.03359375 0.05234375
2 0.4421875 0.7683593750000001 0.0578125 0.06015625
2 0.49609375 0.7203125 0.046875 0.037500000000000006
2 0.353515625 0.745703125 0.032031250000000004 0.030468750000000003
2 0.18906250000000002 0.7265625 0.0328125 0.046875
2 0.025 0.7542968750000001 0.05 0.07265625
2 0.027734375000000002 0.895703125 0.055468750000000004 0.07109375
2 0.153125 0.794140625 0.0671875 0.049218750000000006
2 0.35976562500000003 0.947265625 0.06015625 0.049218750000000006
2 0.98828125 0.58515625 0.0234375 0.0765625
