2 0.32734375000000004 0.13007812500000002 0.0625 0.07578125000000001
2 0.21445312500000002 0.055468750000000004 0.055468750000000004 0.065625
2 0.12734375 0.050390625 0.07968750000000001 0.08046875
2 0.026562500000000003 0.33515625000000004 0.053125000000000006 0.1078125
2 0.26406250000000003 0.182421875 0.0859375 0.08515625
2 0.330859375 0.7046875 0.08046875 0.1
2 0.26640625 0.5875 0.09531250000000001 0.0703125
2 0.342578125 0.57265625 0.06796875000000001 0.11093750000000001
2 0.732421875 0.9105468750000001 0.06328125 0.055468750000000004
2 0.7820312500000001 0.6746093750000001 0.0578125 0.06484375
2 0.763671875 0.45351562500000003 0.06484375 0.08515625
2 0.808203125 0.18984375 0.05078125 0.0703125
