2 0.9867187500000001 0.648046875 0.026562500000000003 0.09296875
2 0.005078125 0.09648437500000001 0.01015625 0.05234375
2 0.30117187500000003 0.146484375 0.07265625 0.06328125
1 0.42109375000000004 0.7039062500000001 0.11406250000000001 0.15781250000000002
2 0.9007812500000001 0.16562500000000002 0.05625 0.07500000000000001
2 0.7421875 0.21445312500000002 0.096875 0.06171875
2 0.6312500000000001 0.505078125 0.0671875 0.06171875
2 0.7253906250000001 0.30625 0.049218750000000006 0.0671875
2 0.939453125 0.9921875 0.049218750000000006 0.015625
2 0.6570312500000001 0.919921875 0.045312500000000006 0.05234375
